          specobjid         ra        dec
 455999113465456640  34.921390  -0.255664
 456155244116600832  34.269918   1.244198
 968317389500344320 121.104020  29.506663
 968330858517784576 120.167320  28.476501
 972926267382851584 130.607360  37.221036
 972950181760755712 131.407720  36.934653
1217109386632128512  18.661030  -1.020660
1544824608635512832 188.144810  45.767668
1826362537805899776 179.008720   7.842644
1828637152502638592 184.282010   7.624397
1829605543241607168 185.911230   6.954086
1829668490282297344 184.357550   6.690074
1829674537596250112 183.460020   7.200901
2269976453896497152 197.881060  36.281823
2551430812750866432 120.493720  15.058754
2551441532989237248 120.748930  15.141014
2553597950219544576 121.567330  12.827991
 338924766721239040 210.355500  -0.623897
 338991287174719488 208.308820   0.447274
 340022899698067456 212.611800  -0.832380
 582153507713345536 181.158570   1.787744
 582208758172641280 181.336930   2.534271
 582228824259848192 182.046290   2.878284
 584456164285114368 185.676410   3.141817
 585552927217707008 186.743480   2.494403
 585569419892123648 187.580870   3.453561
 585575742083983360 187.066210   2.700829
 585621371816536064 188.533330   2.653063
 585627144252581888 188.670400   3.323650
 586662884843481088 189.619860   1.754345
 586676353860921344 189.521540   1.477751
 852339802131949568 119.988140  35.814312
 855834600277043200 125.469770  41.862476
2009835586914904064 132.299210  60.221198
2009900458100942848 135.493320  60.151709
2248458180717733888 176.046050  37.186464
2248496938502612992 175.408010  37.992122
2650401704670947328 157.778220  28.796670
2995015323800856576 190.370610  26.088608
2995016423312484352 190.381120  26.042664
2995021096236902400 190.095560  25.551475
 609271861410293760 115.509730  33.207845
 609276809212618752 115.383670  32.660519
 610310625591060480 115.325430  34.232176
 610322445341059072 115.139910  34.230137
 614897516781004800 124.082830  43.447637
1127181707317897216 163.114570   8.094038
1375943465883428864 168.457250   9.586292
1928729551668537344 221.931290   9.538169
1928745769465047040 221.290680   9.274660
1929895853493872640 222.177390  12.457215
2168581407641724928 124.020030  23.134019
2168652326141716480 126.637020  23.192762
2168658648333576192 126.649900  22.950906
2169641611795916800 126.006500  21.027317
2169651782278473728 125.567640  21.092562
2169715553952884736 124.794780  21.435782
2169743591499393024 125.886110  21.338096
2169752112714508288 125.922680  21.434882
2169769704900552704 126.755820  21.706779
2169770529534273536 126.774840  21.645290
2423060084700506112 226.539060  25.782781
2426488361049942016 229.246480  24.488182
2722528018101725184 120.481190  11.720343
2722555231014512640 120.087410  11.319454
2723577782616483840 120.984910   8.699592
2723612142354851840 120.488400   8.551880
2723682236221122560 120.475490   9.625861
2976939072829810688 182.231220  21.777474
2979281311987951616 186.747820  22.639583
 480904427633403904  30.957469  14.739165
 481988545813178368  32.104096  14.349565
 482008611900385280  32.878224  14.300530
 482017682871314432  32.889832  13.917156
 482035000179451904  33.295506  14.018075
 483026483732834304  27.308494  13.055325
 483071013953759232  26.746457  13.125112
 483129837825845248  26.390590  14.025961
 486414629887567872 115.163710  39.233311
 712808475364714496 254.711220  40.121161
 713886547941812224 309.458220  -6.090794
 715056702872905728 311.310820  -5.484300
 715116626256619520 313.147650  -5.711123
 960535596877506560 204.050760   4.740090
 961528730738518016 207.411620   4.238293
 961617241424553984 205.000620   4.677525
 961652150918735872 206.103680   5.125342
 962795368167270400 208.360650   5.207784
1918634924525512704 210.642530  14.552544
1920916965338146816 213.670510  13.378171
2161793022801504256 117.239530  17.577108
2161893353237538816 119.247200  18.586616
2967885142183405568  36.527971  -0.331918
2967889815107823616  36.272778  -0.604068
2967917302898518016  35.385633  -0.307843
2967960458729908224  34.748518   0.329985
2968028903328737280  36.964337   0.501547
3161608927930509312 255.223290  27.724662
3161664453267712000 255.479040  28.417763
 439203799882557440   4.947213   0.590795
 439212870853486592   5.107424   0.826350
 439272794237200384   6.704384   0.038120
 441494905441773568   9.399220   0.280685
 443609543193159680  13.787350  -1.046468
 443611192460601344  14.072866  -0.369701
 443617239774554112  13.427716  -1.085167
 443619163919902720  13.566362  -1.239305
 443653248780363776  13.218389  -0.074382
 443654623169898496  12.998433  -0.486738
 443670291210594304  12.768132  -0.134582
 443686783885010944  12.039979  -0.912315
 683536182147049472 217.054230  61.187713
 683588683827275776 220.772120  61.310711
 940162195365324800 168.748500   3.602091
1783434297907111936 123.320630  22.648304
1961444682533726208 145.462320  12.183763
2232682113004496896 164.942830  33.391844
2232732965417281536 163.283790  33.910365
2233797567399880704 189.315420  39.483146
2517522699622836224 191.320310  27.125218
2519789075951544320 191.730880  26.564287
2519825084957353984 191.321910  27.125597
2519876762003859456 191.397310  28.761906
2519924865637574656 192.616990  27.434908
2519928164172457984 192.932440  27.962840
2520894351979079680 193.669240  28.938672
2788978931900901376 160.546060  23.746736
2790041335665551360 160.774930  20.422283
2791279387050272768 162.923960  18.480829
2793373680346884096 162.966400  22.238947
2793396770091067392 163.149010  22.934156
2793418210567809024 162.300580  22.015976
2793455044207339520 162.026760  23.954038
 308558728976689152 159.799140  -0.409491
 310798708973266944 163.028270  -0.560812
 551792141785917440 163.690990  67.238803
 551806160559171584 164.792390  67.037808
 551828975425447936 165.861670  66.669720
 551833648349865984 165.939950  66.453143
 551840795175446528 166.683100  66.852697
 552933160195745792 170.051550  67.241586
 552954050916673536 171.113310  66.980725
 552979339684112384 172.913930  67.241740
 554067031779993600 176.162690  67.955888
 555123662487840768 181.948430  67.383789
 556216851219113984 188.006390  66.332603
 821991635763095552 320.453510  10.656079
1047220273071286272 122.822930  29.508921
1049354150296446976 127.374990  31.675464
1171071738469967872 198.652490  54.798239
1572891842914052096 223.695750  40.784841
1572923178995443712 222.912040  40.599183
1809324500555163648 175.244820  11.471141
2356623193164244992 197.989480  34.365259
2571600804293142528 135.998820  21.906569
2572721756263442432 136.501230  18.764570
2575004067608684544 137.048080  21.999439
 450519972213450752  24.000636   0.663535
 453810811371022336  28.671009  -0.143325
 689115099297769472 227.444750  57.000146
 946910998558697472 180.595670   4.329816
 950381881940011008 184.533720   6.139539
1875846326881642496  48.705318  41.993608
1875850175172339712  49.430050  42.385102
1875900202951403520  50.332962  41.931861
2075065203292137472 223.515580  30.846249
2559271980427667456 125.875220  18.749433
2561518282683213824 126.877700  19.366657
2561591400206460928 129.540130  19.725673
2820512097362798592 175.058090  24.697065
2820527215647680512 175.043390  25.309597
2821616837089847296 174.817480  20.427644
2821617936601475072 174.908110  20.454691
2821646523903797248 175.998230  19.778955
2821665215601469440 176.266180  19.973681
2823821077925357568 174.984630  16.955010
3087346808196720640 206.938590  16.973132
3087382267446716416 208.053830  16.519877
3088402889551407104 208.629890  15.044141
3089470240682174464 211.819990  15.166572
 438062230173411328   3.025396  -0.415210
 988585787417192448 169.388720  51.271592
 989688322903271424 172.156120  50.827424
1468201016527710208 144.643560   8.887900
1468209812620732416 144.580410   9.445990
1468284854289328128 143.511590  10.108707
1468308218911418368 144.532890   9.523921
1470426702990567424 148.706520   9.271095
1883801301410670592 218.673950  47.937794
2364476178326120448 169.976090  33.090107
2365524839973808128 205.804800  36.749312
2365529238020319232 205.534930  35.654302
2366709842942388224 201.538100  35.934427
2366723311959828480 201.084040  36.596087
2366724136593549312 201.214360  36.378540
2845279708252235776 242.733990  13.751860
2845305271897581568 243.513710  14.282110
2847573839532025856 245.509080   9.888631
 519204266087311360  53.573957  -6.264998
 519211687790798848  54.389098  -6.520457
 520307900866914304  55.667104  -6.381836
 523602037720508416  61.561342  -5.651901
 523604786499577856  61.632965  -6.668121
 526925036771108864 134.078020  -0.441500
 527016845992028160 132.167560   1.038793
 527064949625743360 133.289810   2.246421
 773660953769175040   5.114624   0.833556
1006687326618806272 126.946200  39.547080
1007692554554075136 128.949050  39.902148
1007788212065691648 128.085160  41.358910
1007794534257551360 128.848830  42.152677
1007796733280806912 128.378200  41.525447
1011151068798674944 135.150320  46.686491
1256634087599269888 311.793790   0.363280
1473923695796840448 171.882740  56.877023
1473938539203815424 172.514900  57.308173
1478411078097463296 178.640330  58.367037
1479447647046625280 182.438630  56.523598
1479510319209408512 180.329480  56.570196
1959223394117380096 141.447210  11.424577
2193289359254382592 149.386910  33.619730
2194381449933645824 151.021880  31.185459
2836179600281724928 237.445590  12.399336
2837301102376937472 237.985970  10.674738
2837371745999022080 237.052660  11.279517
2837405555981576192 237.872220  11.865249
2837419024999016448 238.346570  11.959181
2837438816208316416 238.578810  12.125754
2837441290109478912 238.946560  11.625541
2838536952674805760 239.377870  15.956055
2838562516320151552 240.149010  15.685631
 345669990998894592 220.234820  -0.318170
 346829700871514112 221.546370  -0.222966
 347988041941411840 222.847580   0.007093
 617131445856528384 126.520000  45.968710
 620486880584034304 134.153910  51.920371
 621515198817134592 136.796260  50.712758
 621530317102016512 136.370210  51.413589
 621586392195033088 134.100970  51.879737
 621595463165962240 134.544990  52.182833
 621596012921776128 134.655450  51.878488
 621633396317120512 135.867760  51.983503
 881742943541553152 198.896030  62.124640
 884974133237016576 208.539000  60.678055
 887264141398534144 212.619830  59.259706
 887294652846204928 210.190520  59.328281
 887383163532240896 215.654480  59.930911
1146172197308491776 183.540570  54.525971
1146264831163131904 179.117190  55.125236
1456925795636242432 234.660420  36.958355
1629340769900849152 179.717500  42.722419
1631457329717209088 182.308790  47.058364
1631521926025340928 180.711160  48.636205
2016528586168625152 193.461770   9.709661
2016615997343033344 192.869270   9.922709
2017753717066983424 193.761910   8.065550
2260967599904942080 176.336640  32.722250
2671852626252949504 152.666360  20.070179
2968032751619434496  36.617888   1.160503
2968034675764783104  36.505206   1.018089
2968047045270595584  37.086905   0.687233
 709384320791373824 251.753180  39.061343
 709400813465790464 250.846420  39.806447
1012234912620636160 137.915600  46.639743
1013333050144090112 140.622880  47.262443
1013340196969670656 141.981480  48.081990
1013425409120823296 140.980550  49.504457
1013481209335932928 142.778180  49.079751
1014509252775012352 142.555520  49.488300
1199113680743065600  50.245430  -0.367660
1606717491445262336 154.492430  37.181574
1606755699474327552 153.371190  38.619842
1606766969468512256 153.496630  38.657206
1606776865073162240 153.688880  38.980999
1610134773685053440 156.430390  39.646380
1611166390302042112 161.015350  43.903369
1611210370767153152 159.655180  44.523094
1611227962953197568 158.671620  44.625353
1611231811243894784 159.027360  44.033580
1611268370005518336 158.785790  45.084639
1611297232185747456 159.526680  44.844677
1997391028025321472 201.214190  13.737851
1999772022116214784 206.706050  14.400467
2001900127291205632 209.014180  13.505841
2001955652628408320 208.034830  14.116232
2256389512793974784 181.819560  32.075601
2526679158688344064 201.713650  26.591242
2528787746642749440 205.933970  25.392148
2942115894857328640 189.624720  19.989267
3229216522308184064 156.752320  17.816761
 313129123717343232 167.232400   0.444804
 315350407251519488 169.649240   0.419767
 315360852611983360 170.200040   0.468606
 561935137542006784 215.992570  65.216746
 564120695924090880 150.987140   1.512362
 564146534447343616 149.951200   1.095126
 564176496139200512 150.529330   3.057686
 564231471720589312 151.512980   3.109799
1350026051664766976 133.692930  39.538826
1351143154891384832 136.404920  41.092279
1351148927327430656 136.200280  40.591710
1351159097809987584 135.758920  40.433984
1641565689917499392 196.466470  41.721908
1982799127909525504 175.415560  15.965716
2188792631524354048 145.341410  28.114477
2188856128320858112 144.125660  28.503368
2189913858540333056 147.019520  32.882502
2191148610853300224 147.421680  32.221106
2429795698552629248 229.599660  23.924562
2900491676537612288 138.398300  12.440814
2901524667711907840 138.820690  11.885692
 389691963177199616 244.181510   0.246461
 392955038911195136 255.713140  62.964796
 392956963056543744 256.489270  63.015439
 392990498161190912 253.889110  63.242126
 393002317911189504 253.015220  63.115797
 393022933754210304 252.084390  62.976435
 393049596911183872 253.313110  64.476227
 393066914219321344 252.960880  63.714560
 393091928108853248 255.367570  63.691103
 393100449323968512 255.914470  64.134331
 622766443166984192 138.357890  52.981313
 622779087550703616 139.416340  52.992931
 622786509254191104 139.189680  53.442927
 624967395047401472 141.327760  55.587588
 624974541872982016 141.921430  55.917358
 625000380396234752 142.548970  55.852421
 629436910653171712 154.887640  58.205744
1700128700739119104  40.672359  -0.009304
1701331290810247168  40.667412  -0.011667
1916435076065814528 209.305000  12.021325
1917549442089641984 211.206120  11.395510
1918579399188310016 211.250790  13.131891
1918590669182494720 211.228080  12.704690
2358855745753081856 179.403610  32.277617
2358928863276328960 181.785330  32.995884
2361153725340346368 176.917010  33.789025
2362202658913150976 173.614770  33.179035
2651627934896384000 161.467780  25.951576
2651632058064988160 161.677160  25.931555
2651652124152195072 162.184200  26.053646
2654936365468248064 161.457530  27.619789
2654998487875217408 162.050760  28.601791
2946621418982369280 197.501280  19.718346
3184187947519862784 128.014100  -4.152543
3185235510327011328 255.119580  28.025797
3185236334960732160 254.940480  28.262442
3185256675925846016 254.480040  27.699365
 502297900236171264 131.105960  55.024357
 502299549503612928 131.223100  55.054039
 503287185454163968 134.241650  52.065963
 504526335444543488 133.645490  57.166712
1070871314249574400 170.574570  59.074515
1071863898556098560 174.535610  58.758288
1550382089956780032 207.434770  39.984776
1551583856350488576 207.233630  39.985185
1551596775612114944 207.855730  40.213272
1551606121460951040 208.439840  40.338678
1551607495850485760 208.340100  40.363945
1874667100409194496  50.205517  41.370693
1874668199920822272  49.899599  41.151080
1874691289665005568  49.372549  40.396513
1874695412833609728  49.179073  41.324907
1874714654287095808  48.698876  42.222719
1874719052333606912  48.755911  42.035834
1874731971595233280  49.114680  41.627042
1874732521351047168  49.004132  42.074297
1874750663292905472  49.593772  41.409774
1874761108653369344  49.892654  41.580530
1874774302792902656  50.510890  41.973506
1874777051571972096  50.392521  41.506150
1874781174740576256  50.723901  42.553193
1875752318637467648  50.953516  40.557792
1875771560090953728  50.366141  40.872226
1875775408381650944  50.311429  40.253634
2067246588706711552 233.801990   5.063002
2491718812043339776 167.357510  29.569247
2808024949141301248 170.727570  16.590032
2811419141200701440 171.206920  23.945232
2811466145322788864 169.875010  24.989325
3100760300417214464 233.743920  11.750287
 409913086674233344 245.381870  -0.072364
 412190450418477056 261.463940  60.194130
 413269895623501824 259.598870  55.359980
 417743534917969920 327.825330  -0.957018
 661020102417737728 220.856880   4.379079
 661045391185176576 221.374670   3.924038
1464802700678948864 140.035940   8.150363
1467108102926002176 142.517770   8.782878
3112113587557001216 223.832580  16.506121
3115468742390212608 230.370830  15.137564
 513423308826372096  42.077324  -8.960466
 514607482698491904  43.175761  -8.804368
 516823823648057344  48.267476  -8.398563
 516825747793405952  48.350970  -8.212412
 516841415834101760  48.154727  -7.572845
 516954115775948800  49.277771  -6.502155
 517967865496758272  50.572796  -7.090682
 517997277432801280  49.472618  -7.297829
 518003049868847104  49.858574  -6.121124
 518071769345583104  51.257004  -5.745803
 760034707374106624 341.101530  -0.162109
1489568922213574656 210.802250  54.348924
1489621149015894016 208.621500  54.330661
1490767119892113408 210.316820  54.418717
1490802579142109184 210.549170  55.814027
1490816872793270272 211.301730  55.741853
1625960870049769472 176.532500  47.494769
1628173912514783232 177.948420  48.683136
1969237751173769216 162.058490  13.217021
1969246547266791424 161.913800  13.336127
1969283380906321920 160.531400  13.746999
1969295750412134400 160.563210  14.110087
1969337531853989888 161.761770  14.263350
2235029570145249280 191.127280  40.736902
2235035342581295104 191.637530  40.831020
2237199187068348416 192.536320  33.159152
2237265707521828864 191.849040  35.352066
2237289896777639936 192.170930  34.477606
2238322058352158720 166.341220  38.233815
2823862859367213056 174.946930  17.712263
3100830669161392128 232.503480  12.989325
3100880147184642048 233.846720  12.047599
3105268577716955136 212.652580  17.309904
3105276824054163456 212.824430  17.506449
3105295790629742592 212.496220  17.696114
3105367533763454976 213.070110  18.299460
 458390276445071360  38.197610   0.678104
 458394399613675520  38.255187   0.420840
 458396598636931072  38.381528   1.139892
 459528545874503680  40.880457   0.306821
 460536249120221184  42.161211  -0.271513
 740968343665666048  15.190926  -9.185733
 744367759026055168  21.318238  -8.873679
 744385076334192640  21.871794  -8.554276
1019076074354534400 158.132820  54.401044
1020212140130199552 161.343380  55.960374
1230769170346436608 356.008580   0.516610
1533579628139014144 161.989140  43.150340
1533601068615755776 163.219130  43.428398
1533628556406450176 163.944960  44.049663
2026722152060839936 201.002970   9.710202
2027862899938060288 203.116390   7.316443
2027865098961315840 203.205200   7.170086
2027865373839222784 203.177280   7.327256
2027888188705499136 203.907450   7.545217
2027893411385731072 204.115670   7.816233
2508596865721722880 181.180510  31.177287
2511990783205206016 183.899380  28.177643
2512023768554039296 184.969080  27.621004
2513080399412881408 184.403260  29.608028
3128947660417951744 225.401270  16.729684
 383973403150804992 200.608860  -2.418271
 640704979820111872 143.176250   2.533599
 642961727805220864 147.361100   4.003169
 643025224601724928 148.002980   4.150753
 643052987270326272 148.825280   4.270014
 644161295041456128 150.188370   4.734323
1792534681560836096 139.579170  33.556966
1792554197892229120 139.939560  33.744998
1792555572281763840 139.991090  33.927431
1792566017642227712 140.003010  33.002792
1792567117153855488 139.900150  33.428333
1792572339834087424 140.153890  33.074724
1792586083729434624 140.443000  33.311141
1793675699769337856 141.816830  34.427195
1794693572675528704 146.628760  34.916837
1794719686076688384 144.869320  33.848965
1794840082599929856 145.829800  36.247822
2184311846729705472 141.229630  26.774674
2408390675507734528 219.366070  25.765557
3132375113912051712 234.132020  16.607776
3133522728032692224 208.290640  24.377010
 595671728315721728 205.300130   1.779828
 595709936344786944 205.052380   2.480124
 596829239198640128 206.929710   3.411491
 600252293236942848 213.713950   3.130926
 601270715932502016 215.787230   1.671569
 860251063171704832 132.898540  47.557688
 861468222812088320 137.549540  50.401319
 862513858252662784 137.665270  50.379842
 863585057539909632 143.487010  51.529088
1938968204365817856 233.675710  10.300151
2162916173979609088 117.645930  16.368572
2165134713600108544 121.556020  17.706578
2165183641867544576 119.878630  17.491434
2165257034268698624 121.971230  18.911792
2165278474745440256 122.490510  18.684038
2168539076444055552 124.771260  21.791401
3117763977677924352 208.094770  21.539353
3118861564875139072 208.795500  21.326446
3118903071439087616 210.279670  21.242945
3119982517264869376 211.219490  21.633510
 470761706352568320   9.598857  15.039593
 726318726571386880 349.769920  -8.485093
 731837999058282496   0.883873 -10.744671
1889262025423480832 231.533130  41.676068
1890482203687675904 231.525660  41.670660
2504134497730062336 179.285400  30.392300
2504168307712616448 179.956720  30.844423
2508554259646146560 182.197040  29.304781
2795621353066096640 163.973510  15.340978
2795775559571892224 164.536480  17.095705
2796827797098620928 162.363520  21.780332
2797922086583035904 164.790860  17.401356
2797986408013260800 164.877680  18.852178
2798008123367909376 165.435190  18.721510
2800130175373699072 166.143640  16.061793
3089555177955420160 209.761680  15.565740
3089621148653086720 211.114170  16.303674
3091744304935233536 215.544640  13.918064
3092903465085593600 217.242630  13.861881
3092939474091403264 216.652380  15.401768
3095126952609081344 221.758660  13.668376
 748832875830339584  27.615131  -8.522930
 749902975203305472  30.202577  -9.002546
 749923591046326272  29.376884  -9.462372
 749937609819580416  29.935314  -7.839147
 749996158813759488  30.955437  -8.128939
 750024746116081664  31.079067  -8.735306
 751034647781074944  32.410506 -10.146272
 751085500193859584  32.244491  -7.766781
 751129480658970624  33.315812  -7.661863
 751141025531062272  33.349213  -7.732091
1560569341173327872 228.008620  32.915358
 335536072102537216 204.608660  -0.227621
 335574280131602432 203.272260  -1.035819
 577690589429000192 173.692720   2.921034
 577752436958062592 174.728880   3.580873
 580997096241391616 180.676020   1.976799
 837685511375054848 349.186140  13.483008
1105760468607199232 311.829440   0.320799
1105763217386268672 311.834880   0.484057
1341019676557207552 134.710290   6.292996
2032259567345231872 209.553580   6.518185
2032266989048719360 208.869760   6.596451
2032343954862663680 207.020830   7.392305
2034544907296729088 210.287200   8.583695
2034639465296717824 210.442010   9.490281
2034639740174624768 210.486100   9.533499
2034657332360669184 210.433850   9.868391
2034659256506017792 210.514690   9.929323
2034662005285087232 210.947260   9.523689
2035709839883134976 209.373460   6.097006
2035784606673823744 210.573300   7.684167
2036830235789387776 210.496900   8.937696
2036844529440548864 210.547150   9.440112
3106484637761824768 214.886150  17.875305
3110987412302489600 222.301640  17.020935
 506668184229668864 137.629080  54.394706
 506703093723850752 136.933290  55.151683
 506734704683149312 135.253870  54.667387
 506763841741285376 135.603310  55.390146
 506771263444772864 135.934090  55.596720
 506788305875003392 136.737610  55.652307
 506790230020352000 136.602320  55.238484
 506794902944770048 137.019310  55.692747
 506797651723839488 137.190660  55.505849
 506815793665697792 138.066510  55.692702
 511161613374482432  37.922274  -9.300445
 511315545002371072  37.517543  -7.669135
 512297408902752256  39.456356  -9.432250
 783690693653587968  20.319157  -0.544496
1071919149015394304 171.684610  59.155447
1071924646573533184 172.128290  58.561843
1192412982542362624 115.631530  27.638558
1192492422257469440 117.860480  28.234174
1787953565944276992 131.778800  28.236559
1788077810758215680 132.043560  29.491372
1790344454129870848 135.686100  31.273902
1791423624826087424 137.160240  32.592954
2199023037012011008 152.086080  31.862690
2434361695431321600 234.115720  22.500489
2897033437170919424 130.015240  11.010470
 443694480466405376  11.999225   1.202544
 443740110198958080  13.140555   0.331229
 443756602873374720  14.007729   0.253672
 443758801896630272  13.469751   0.979608
 443763199943141376  13.354576   0.737507
 443765948722210816  14.024966   0.628608
 443771446280349696  13.940423   0.708425
 737527697172883456  10.043962 -10.440586
 737558208620554240   9.294023  -9.457015
 737593118114736128   9.899122  -9.194524
 738622535641360384  11.943452  -9.835075
 738701425600653312  11.246839  -8.889684
1024703370402752512 202.525610  -1.720622
1024729758681819136 202.952120  -1.893514
1184523709185026048 232.437590  42.918656
1184534154545489920 232.069600  42.944108
1184600674998970368 234.305300  43.298317
1501968664042170368 239.151670  41.880707
1503219359525398528 241.441230  41.344746
2222644946031110144 172.841790  32.706349
2222682054548547584 174.373710  32.252465
2223739789834741760 189.703330  31.984887
2223789267857991680 190.986240  32.170742
2443294946959058944 237.437100  18.526923
2444442556885395456 238.511990  23.131231
2445499748606568448 238.783090  19.192391
2445531084687960064 237.594680  18.939276
2445613273182136320 238.987060  19.949022
2446633339122116608 239.802240  20.763358
2446636087901186048 239.581390  19.967587
2446690788604667904 240.369550  22.427615
2446726797610477568 240.765150  21.697465
2738278526498138112 134.348330  17.288018
2738292270393485312 134.439620  17.046369
2740479744985294848 136.154470  13.554108
2740480569619015680 136.209010  13.561896
 320977163341817856 178.551140   0.136591
 323137705250678784 184.152120  -0.955933
 323230613983225856 182.098020   0.110260
 323246831779735552 182.766920   0.972277
 323291087122753536 183.621770   0.830090
 811785415085287424 338.391690 -10.182684
 815291208346658816 344.321200  -8.964142
1086577288767629312 168.545390  48.318524
1088747453164840960 177.269330  48.749641
1356735545941714944 120.866940  25.102666
1647319158448220160 202.105310  46.591649
2179747773073614848 138.472460  28.530681
2179755744532916224 137.878720  28.826591
2179888235684063232 138.211910  30.212283
2179902529335224320 138.643060  30.140850
2179906377625921536 138.748600  29.730245
2730317239138936832 128.405260  13.055800
 548380632317716480 147.734340  62.185715
 549540891476387840 153.194130  65.272602
 549594217790334976 155.495530  64.979990
 549597516325218304 155.180610  65.172115
 550578830721443840 159.506790  64.266374
 837747358904117248 347.752710  13.631571
 840026921168300032 351.201010  15.000064
 841119285903386624 353.362580  14.335238
 841205047810353152 354.671680  15.954646
1380442392099842048 176.439840  10.824570
1383861873077676032 182.040080  10.378879
2241804211291449344 178.100290  32.403879
2241827301035632640 179.382220  32.341713
2241829225180981248 179.225990  32.158806
2242883107411748864 186.151680  39.381999
2243951562802096128 203.805590  34.677436
2245063170450286592 194.241120  30.716046
2520983412420929536 191.546850  30.722743
2521035364345341952 192.833040  31.059633
2522083750309816320 193.183630  26.470404
2522103816397023232 192.426220  26.892026
2522125531751671808 193.407810  27.784300
2522154943687714816 194.590960  27.967782
2522158791978412032 194.646610  27.596389
2522167038315620352 194.783100  27.854968
2523231921132038144 194.391190  28.482260
2523303939143657472 195.178150  27.971266
2523304488899471360 195.358840  27.885998
2523306138166913024 195.500570  27.782728
2813697604540459008 171.624150  16.863430
2814775950602954752 172.249450  20.739146
2814783372306442240 172.143180  21.010720
2816010150828075008 172.751020  25.221224
2817155293799016448 174.118300  19.811439
 343551231253309440 216.554090   0.860587
 588976527153063936 193.814700   2.896644
 590012267123206144 196.492240   1.792539
 591140095671691264 198.468320   2.132587
 592336914363738112 199.903530   3.032603
 593355887268096000 203.128180   1.847711
 594512843009714176 203.852300   1.410558
 594570292492265472 203.104590   3.061243
 594578813707380736 203.457730   3.315857
 594592832480634880 203.951030   2.998927
 594596955649239040 204.088300   3.330885
 865828374356977664 148.627360  53.169177
 865881975548831744 146.993480  54.014769
 866958359717242880 150.966180  59.436205
 867004539205609472 149.252600  59.968878
1088894512845056000 176.288550  49.718795
1088904133571799040 176.485870  50.199786
1089977253162412032 177.805970  50.156900
1091056424328390656 181.192460  49.186587
1673248115357935616 354.131040   0.297275
1895048205414983680 243.609050  35.109157
2115598985434523648 150.830460  68.734521
2115678974905444352 148.965490  69.680177
2497307630049978368 171.861050  26.680996
2497360406608111616 172.082990  27.622098
2497393666834851840 172.422600  28.259830
2497399164392990720 173.009110  27.005766
2498497851387045888 173.987980  28.196755
2501900289833986048 177.013980  30.359329
2841922349480044544 241.361770  15.025336
2844058975685601280 242.398710   8.956702
2844074368848390144 241.981940   9.463669
2844133467598383104 241.741460  10.751174
 488650761677334528 118.660230  42.544112
 488673301665703936 118.063650  42.249827
 488692543119190016 116.787120  42.078714
 488732400415696896 116.703570  43.374830
 488757964061042688 116.988130  43.144186
 488769783811041280 117.412490  42.967067
 488781603561039872 117.898460  42.880109
 489768415196637184 118.603660  39.371520
 777019132846565376   9.805869   0.864101
1046000089421604864 120.087440  26.613535
1554946988011710464 215.619740  37.122197
1556046774953601024 219.342260  36.567855
1556056395680344064 218.959000  36.543232
1853365720646182912 221.587900  34.370572
2107783088707758080 121.960580  56.693486
2112230081572136960 135.578550  63.805487
2112312544944220160 135.094270  64.914387
2112349378583750656 137.482450  64.423586
2394808133173143552 214.623890  26.287846
2394906264585922560 213.563250  26.747621
2830528648728045568 179.098660  23.867955
2832766435791497216 236.806930  10.751978
2832796397483354112 236.176470  11.492267
2832869240128694272 234.715420  12.080651
2832899751576365056 235.626030  11.603790
3240373267030108160  22.361805 -10.654309
3240437313582426112  20.995763  -9.564989
3240444460408006656  21.607945  -8.564201
3242621494169200640 186.494030   4.474003
3242677844140124160 185.318580   4.595706
3242713303390119936 185.842800   6.040718
 474121539076253696  14.917142  15.330978
 914245057467410432 239.262550  48.168395
 914363529845303296 237.920890  49.378400
1494128321787619328 219.378210  51.561860
1820719014918252544 170.513860   7.813529
1825096999888775168 177.636030   6.567572
1826240766893123584 179.361300   7.460945
2352036025284454400 182.331730  34.070181
2352039873575151616 181.885940  32.812988
2352080280627472384 180.856580  33.780503
2568210460239226880 133.968660  18.156481
2917303759988090880 155.793480  17.962761
2920700976660768768 159.334430  17.031131
2921747987111634944 180.863870  16.485717
2921831824873252864 181.046230  18.444576
3243737773231859712 177.266820  59.432686
3243838103667894272 174.494810  59.616962
3243869989505099776 176.020450  60.119787
3246144879448844288 233.509560  56.685714
3247247139872466944 245.574220  50.371979
3247252637430605824 245.913300  50.969590
3249415926088493056 162.859690   8.298692
 702586870516705280 246.517760  46.368276
1029194606295672832 208.559390  -1.436480
1030318577393100800 210.169030  -1.921744
1033710844988385280 217.041770  -1.676845
1848778826587334656 210.350100  36.800089
1848782400000124928 210.455050  37.009403
2045881966254909440 228.400820   8.085745
2278975126970066944 207.460730  33.621752
2279949293064316928 162.479470  32.990821
2662849274802366464 153.158040  22.291842
2663960881091602432 155.100630  21.356285
2666259685312587776 142.027700  17.196499
2984863807869839360 197.904330  22.915491
1002128201117362176 117.499810  30.746889
1002170257437124608 118.319860  32.543751
1002210389611538432 119.266330  33.083300
1002213138390607872 119.440250  32.558116
1004456688427755520 123.241340  36.254626
1005512498008320000 123.106110  37.730217
1204732735000700928  40.666100  -0.016290
1426645798166226944 126.575240  27.840130
1615761249461626880 162.589970  41.464025
1616840421097367552 165.495810  45.228033
2439844679705978880 236.745350  17.884185
2733854362374793216 131.923720  13.419121
3277589264514181120 229.946470  39.760512
 654155581984106496 167.687030   4.510835
 654158880518989824 167.686910   4.846471
 654164103199221760 167.661920   3.755448
 654191041234102272 167.141330   4.831886
 654214405856192512 166.374310   3.659976
 654219903414331392 166.246380   4.291125
 654297968739903488 167.416470   5.350213
1079879063478233088 202.946190  59.179815
2741685634396612608 136.038590  17.076241
2742806865170688000 137.343930  15.613664
2743984163790022656 139.007370  17.820694
3287670685471631360 188.927000  -0.215192
 403172252708792320 262.099320  57.545419
 403174451732047872 262.005900  57.521827
 404249224398530560 261.036440  53.466990
 666639156574709760 230.661720   4.245760
 666643554621220864 230.507880   3.751737
 668835981142550528 236.569270   2.413354
 933478813432571904 130.421740  40.657446
 933518945606985728 132.248510  41.003167
 933543959496517632 132.978450  40.835883
 936881527311067136 138.060460  44.954842
 936894171694786560 139.212760  45.700709
1178834840502429696 221.837620  48.901285
1178913180705908736 218.195210  49.457884
1802674929645152256 160.990410  11.703803
2402717195474855936 217.194430  27.250669
2402769697155082240 217.319270  28.821883
2402770246910896128 217.188620  28.964245
2403901093797980160 217.056180  25.947424
2661674171716626432 151.463870  20.804103
2662777806546561024 154.142240  21.123053
2662796498244233216 154.410690  21.688250
2989363278909564928 179.542360  25.122255
2990493856773990400 181.788410  25.640705
2990517496273987584 181.998090  25.551560
2991562307500271616 183.882280  24.728540
2991582648465385472 183.520880  24.067395
2991671708907235328 184.451500  26.030713
2993784970188711936 189.158590  24.428774
 672239519621212160 171.376850  63.446327
 673306325089806336 180.654460  64.376464
 675686218024904704 188.761030  66.375946
 954784056501889024 194.588160   4.885653
1479548252360566784 180.807610  57.890557
1479582612098934784 182.889400  57.737490
1480594433329096704 184.885810  56.736580
1481776683190085632 186.008430  58.385204
1942318698119325696 235.945360   9.637918
2383626653969442816 208.324120  33.490851
2801239312711051264 166.668590  20.085556
2801414959693588480 166.852850  21.657094
3296707847290644480 204.368310   8.893870
3302377479049603072 217.053030   9.480160
 368290254303553536 173.180340  -2.199732
 369300430410246144 176.090590  -3.184086
 369360353793959936 175.225720  -2.694687
 369455461549762560 176.343330  -1.876723
 369461783741622272 176.291210  -1.762613
 370520609647519744 176.312630  -1.702770
 603488156460804096 220.984870   1.604189
 603493379141036032 221.101870   1.679772
 605909830904866816 225.001700   1.891321
 606871078744123392 226.781950   1.544547
 606879599959238656 226.621530   1.605816
 606913409941792768 225.338090   1.637064
 609142668794030080 114.755990  31.914740
 609176753654491136 113.745190  31.963218
 609219084852160512 114.070020  33.122711
 609240250450995200 114.603030  33.151109
 871556517411710976 164.787540  61.530640
 872685166248617984 169.857820  62.483932
 873804744366254080 173.117090  62.507310
1110145320592893952 319.751170  -0.963978
1371479997524502528 153.202380  43.145531
1880254570081314816 210.708450  49.172689
2103338861567436800 117.966200  49.814318
2106713538738284544 123.225640  55.672065
2479297075636889600 245.357190  14.531525
2482666532828637184 241.974930  20.051056
2482676428433287168 241.303630  20.542396
2923967626612860928 186.355880  16.469525
 541640075696433152 147.345490   1.145381
 797221008296667136  42.216904  -0.524063
 799456865661511680  46.718414  -0.794504
1061826456352483328 151.894850  46.093999
1062986445112764416 154.594500  45.954659
1863508990709753856 239.682090  26.818150
1863540326791145472 240.537160  26.329324
2087455045875427328 246.850970  19.597196
2475887489911384064 240.517790  17.075856
2477101081222473728 241.561810  18.182886
2478134347761215488 244.665050  15.558380
2908248731222566912 148.131550  15.775453
2908249006100473856 148.136720  15.826870
2908302882170234880 147.707840  17.138424
2908305081193490432 147.325130  16.878956
2908334768007440384 148.279800  16.677690
2908350436048136192 148.890050  16.432868
2909451872794339328 149.449050  15.125604
2909466166445500416 149.472680  14.925470
3347440962677794816 259.498770  33.334450
 327725690801645568 190.112870   1.196925
1120352641621190656 149.297890   5.201324
1432293440598599680 136.960200  33.468133
1434408626193197056 141.534560  34.895392
1436805012457023488 146.948510  39.084238
2021061876653254656 196.914220   6.335946
2024410153431885824 199.356040   9.322196
2267568242866284544 209.212570  37.797243
2581864195951716352 144.313320  23.590611
2582986260888971264 144.491660  25.494791
2936394036228941824 180.798220  19.728820
2936465504484747264 180.437150  20.328341
2936489968618465280 181.004150  20.337424
2936494641542883328 180.779600  20.805435
2936499589345208320 181.123620  20.316295
2936510859339393024 181.464440  20.521965
2937576561018169344 181.475910  20.572532
2937578485163517952 181.047070  20.409837
2937581233942587392 181.057680  20.209710
2937582608332122112 181.135500  20.204948
2937586456622819328 181.714100  20.818723
2937592229058865152 181.366320  20.308756
2937625489285605376 182.792360  20.175672
2937636209523976192 182.990640  20.027866
 399702743264028672 261.128400  56.909717
 646322386253146112 153.440840   3.424977
 646392480119416832 153.999770   4.954791
 650862819251611648 159.882760   5.107617
 651918900153313280 162.991770   3.792063
 932346866564098048 129.360790  40.035587
1147363793622296576 183.539450  54.526858
1148446263054723072 189.000480  54.220977
1812747831031654400 178.869590  11.968366
2037912979898394624 214.083010   8.293467
2037969879625132032 212.127910   8.931907
2041397608953440256 220.693320   8.725575
2041424546988320768 221.521960   8.915613
2041427020889483264 221.143050   8.937096
2287908939058145280 197.880100  36.282126
2289055998876346368 207.750930  36.954416
2551402500326451200 120.118980  15.453100
2551405249105520640 119.917160  15.386817
3001653070900783104 206.674360  22.692647
3001669013819385856 206.552920  23.053841
3001679734057756672 206.317350  23.218955
3001721790377519104 205.012210  23.142973
3001751477191469056 205.213160  24.473280
3001771543278675968 205.658950  24.465060
3316955077226293248 110.812860  37.358734
 377295799358351360 188.978640  -2.385847
 378302677114710016 192.054400  -3.333267
 379506367435663360 192.056790  -3.332715
 631787116405221376 163.074190  61.379615
 635028475492722688 131.827680   2.762262
 635034797684582400 131.668850   2.408019
 635037546463651840 131.683180   2.537411
 635061185963649024 130.962850   2.713851
 635068882545043456 130.678940   2.873186
 635151620795033600 131.866460   3.669006
 635153819818289152 131.831630   3.341675
 636175266137270272 134.399490   3.090235
 636181038573316096 134.335440   2.921314
 637276152372684800 137.713880   2.977089
 637364113302906880 135.588280   3.615722
 637369335983138816 135.622450   3.384986
 637378406954067968 135.888960   3.375846
 637379506465695744 135.916300   3.369799
 637389402070345728 136.015440   3.584723
 892954939242866688 226.951400  55.185733
 893009090190534656 228.753970  55.432020
1833070659740133376 188.298980   7.851633
2049151095191660544 234.076790   5.665370
2053798718813005824 212.016680   7.327645
2283369880231110656 206.823980  34.148803
2283442997754357760 205.685130  35.062912
2283472684568307712 207.312390  35.295083
2577353998885480448 143.042050  21.502295
2578451861564581888 140.843090  22.436402
2580671225550366720 143.740010  21.705270
2581785855748237312 141.422160  23.361622
2912757004495775744 152.659520  16.685024
 528082822531934208 134.619160   0.023468
 532558659759138816 140.928900   1.349221
 532572678532392960 140.827870   1.583107
 532575427311462400 139.979950   0.945119
 532582024381229056 140.292930   1.472739
 532713690898655232 140.902100   2.136491
1057284103302309888 141.221730  41.060184
1946797002134153216 240.548470   7.086102
1946836034796939264 241.207600   8.481095
2376877016092796928 168.841370  35.502015
2376879215116052480 169.092450  35.612402
2382420760212826112 209.233340  29.164372
2638142148947503104 152.667990  24.414148
2928594919838738432 192.063460  17.774016
2933035853007579136 199.984780  15.850533
3343996467592325120 245.077620  18.464620
3344069859993479168 246.114360  19.482573
3345192461382215680 256.564690  37.785234