 plate   mjd  fiberID
   421 51821      428
   655 52162      230
   655 52162      341
   655 52162      468
   656 52148      117
   656 52148      404
   905 52643      497
   906 52368      534
  1116 52932      472
  1588 52965       89
  1588 52965      541
  1590 52974      595
  1591 52976      425
  1948 53388      132
  1949 53433        9
  1953 53358      511
  1974 53430      431
  1974 53430      566
  1975 53734      318
  1975 53734      498
   536 52024       21
   536 52024       40
   538 52029      639
   539 52017       40
   539 52017       71
   539 52017      194
   541 51959      112
   541 51959      236
   541 51959      390
   541 51959      467
   764 52238      231
   765 52254      563
   766 52247      271
   767 52252       72
   982 52466      461
   982 52466      471
  1628 53474      384
  2089 53498      113
  2089 53498      127
  2089 53498      274
  2093 53818      417
  2095 53474      347
  2095 53474      613
  2097 53491      515
  2098 53460      235
  2100 53713      314
  2101 53858       33
  2101 53858       49
  2102 54115      248
  2102 54115      297
  2102 54115      300
   335 52000      434
   336 51999        1
   337 51997      284
   561 52295      572
   564 52224       76
   564 52224       99
   564 52224      109
   564 52224      195
   564 52224      223
   564 52224      524
   564 52224      532
   565 52225      152
   565 52225      173
   566 52238       61
   566 52238      381
   566 52238      400
   566 52238      433
   566 52238      437
   566 52238      473
  1001 52670      567
  1386 53116      262
  1617 53112      505
  1621 53383       48
  1622 53385      113
  2024 53503      559
  2025 53431        7
  2028 53818      163
  2028 53818      429
  2028 53818      537
  2032 53815      292
  2033 53476      369
   301 51942      105
   301 51942      347
   302 51688        4
   523 52026      476
   524 52027      148
   525 52295      155
   526 52312      413
   527 52342       24
   528 52022      137
   528 52022      346
   528 52022      377
   528 52022      428
   528 52022      443
   967 52636      543
   967 52636      578
   968 52412      386
   969 52442      216
  1199 52703      262
  1200 52668      230
  1200 52668      251
  1200 52668      288
  2111 53467      372
  2111 53467      380
  2116 53854       60
  2117 54115      351
   450 51908       48
   450 51908      175
   450 51908      290
   450 51908      396
   450 51908      423
   450 51908      485
   450 51908      492
   450 51908      509
   450 51908      519
   450 51908      585
   454 51908       11
   454 51908      571
   455 51909       47
   708 52175      305
   710 52203      247
  1435 52996      345
  1436 53054      175
  1670 54553        6
  2139 53878      330
  2152 53874      449
  2155 53820      633
  2158 54209      377
   696 52209      234
   930 52618      485
   932 52620       56
  1381 53089      288
  1382 53115      193
  1382 53115      228
  1622 53385      556
  1624 53386      639
  1625 53140       66
  1625 53140      295
  1625 53140      317
  2127 53859       69
  2127 53859      426
  2134 53876      170
  2134 53876      361
  2134 53876      363
  2135 53827      381
   597 52059      281
   598 52316       66
   600 52317      532
   835 52326      130
  1040 52722      494
  1610 53144      178
  1983 53442       82
  1983 53442      267
  1984 53433       44
  1985 53431      430
  1985 53431      451
  1987 53765      131
  1987 53765      373
  1987 53765      461
  1988 53469      120
  1991 53446      500
  1991 53446      584
  1991 53446      591
  1992 53466      329
  1993 53762      120
  1994 53845       68
  1997 53442      131
  1997 53442      272
  2004 53737      313
   427 51900      528
   428 51883      376
   428 51883      449
   428 51883      482
   428 51883      545
   429 51820       56
   429 51820      218
   429 51820      432
   432 51884       94
   665 52168      398
   666 52149      195
   666 52149      270
   666 52149      321
   666 52149      534
   666 52149      638
   667 52163      216
   667 52163      401
   667 52163      561
   667 52163      603
  1047 52733       64
  1047 52733      349
  1592 52990      371
  1592 52990      442
  1592 52990      447
  1592 52990      485
  1592 52990      489
  1592 52990      508
  1592 52990      558
  1593 52991      426
  1594 52992       33
  1594 52992      128
  1594 52992      566
  2008 53473      584
  2014 53460       21
  2016 53799      590
   434 51885       37
   434 51885      119
   434 51885      189
   434 51885      334
   434 51885      427
   434 51885      470
   434 51885      513
   435 51882        7
   914 52721      444
   915 52443      437
   918 52404      490
  1377 53050       65
  1378 53061      341
  1378 53061      388
  1378 53061      422
  1378 53061      427
   341 51690      151
   574 52355      203
   574 52355      458
   578 52339      337
   579 52338       83
  1019 52707      261
  1020 52721      103
  1397 53119       35
  1397 53119      149
  1642 53115      186
  1642 53115      199
   298 51955       65
   298 51955      204
   517 52024      230
   517 52024      431
   517 52024      504
   519 52283      415
   520 52288      309
   520 52288      369
   520 52288      392
   520 52288      558
   520 52288      579
   521 52326      251
   521 52326      300
   744 52251      283
   746 52238      384
   747 52234      262
   747 52234      574
   959 52411      513
  1655 53523      526
  1655 53523      640
  2244 53795      581
  2246 53767       60
  2266 53679      412
  2266 53679      422
   358 51818      364
   358 51818      372
   359 51821      186
   569 52264      247
   571 52286      265
   571 52286      496
   571 52286      597
   572 52289      533
   769 54530       41
   769 54530      236
   770 52282       56
   770 52282      224
   995 52731      299
  1205 52670       95
  1444 53054      587
  1446 53080      446
  1678 53433        7
  1679 53149      350
  2293 53730      639
  2294 54524      625
  1729 53858      422
  1729 53858      564
  2477 54058      454
  2478 54097      223
  2479 54174      631
  2481 54086       58
  2481 54086      142
  2481 54086      220
  2481 54086      354
   305 51613      552
   513 51989      378
   513 51989      603
   516 52017      119
   757 52238      122
   760 52264      548
  1646 53498      489
  2224 53815      484
  2224 53815      607
  2228 53818      179
  2228 53818      334
  2231 53816      393
  2231 53816      513
  2232 53827      261
  2236 53729       38
  2238 54205       91
  2238 54205      222
  2238 54205      410
  2238 54205      585
  2238 54205      597
  2239 53726       16
  2239 53726      340
  2239 53726      529
  2240 53823      247
  2240 53823      320
  2240 53823      399
  2240 53823      506
  2240 53823      520
  2240 53823      550
  2241 54169      328
  2241 54169      590
  2241 54169      592
  2241 54169      598
   327 52294      440
   328 52282       19
   328 52282      237
   328 52282      583
   328 52282      606
   329 52056      362
   548 51986      503
   551 51993      422
   552 51992       67
   552 51992      122
   552 51992      326
   552 51992      359
   552 51992      361
   552 51992      497
   828 52317      370
  1018 52672       22
  1018 52672      359
  1458 53119       13
  1683 53436      577
  2199 53556      122
  2200 53875      441
  2201 53904      104
  2202 53566      238
  2205 53793      208
  2205 53793      244
  2213 53792      372
  2218 53816      224
  2218 53816      416
  2218 53816      537
  2218 53816      557
  2219 53816      458
  2222 53799      548
   529 52025      257
   529 52025      396
   530 52026      372
   533 51994      537
   534 51997      146
  1294 52753       41
  1702 53144      558
  1703 53799      516
  1704 53178      167
  1704 53178      208
  2365 53739      349
  2366 53741      297
  2368 53758      468
  2373 53768      335
   394 51913      327
   394 51913      493
   394 51913      553
   394 51913      561
   394 51913      577
   394 51913      587
   394 51913      607
   612 52079      234
   848 52669       76
  1704 53178      369
  1706 53442      479
  2432 54052      327
  2432 54052      377
  2434 53826      143
  2434 53826      146
  2435 53828      434
  2436 54054      417
  2437 53848      604
   490 51929      368
   490 51929      419
   490 51929      502
   490 51929      519
   490 51929      545
   491 51942      423
   491 51942      499
   491 51942      591
   492 51955      452
   493 51957      200
   494 51915       81
   730 52466      308
   943 52376      374
   944 52614      498
  1226 52734      324
  1229 52723      476
  1463 53063      464
  2343 53735      577
  2354 53799      121
  2355 53792      486
  2355 53792      501
  2355 53792      574
  2358 53797      234
  2358 53797      460
  2364 53737      170
  2365 53739       89
  2365 53739      157
   274 51913      226
   276 51909      183
   487 51943      245
   488 51914      370
   488 51914      564
   488 51914      576
   489 51930       50
   951 52398      511
   952 52409       26
  1191 52674      265
  1510 52992       72
  1511 52946      351
  1740 53050      573
   307 51663       68
   308 51662      191
   309 51994      309
   541 51959      582
   541 51959      600
   542 51993      265
   542 51993      308
   546 52205      568
   812 52352       52
   812 52352      483
  1222 52763      341
  1713 53827      229
  1713 53827      288
  1714 53521      376
  2483 53852       43
  2483 53852      604
  2484 54144      336
  2485 54176      221
  2485 54176      455
  2485 54176      534
  2487 53852       62
  2488 54149        1
  2488 54149      640
  2494 54174      111
  2497 54154      171
  2497 54154      342
  2499 54176      268
  2500 54178       95
  2500 54178      122
  2501 54084      489
  2502 54180      559
  2505 53856      483
  2505 53856      538
  2506 54179      406
  2506 54179      410
  2506 54179      514
  2506 54179      582
  2508 53875      233
   481 51908      299
   793 52370      423
   793 52370      620
  1725 54266      514
  2418 53794      371
  2418 53794      470
  2419 54139       94
  2419 54139      219
  2419 54139      474
  2425 54139       36
  2428 53801      616
   285 51930      348
   287 52023       16
   287 52023      354
   287 52023      413
   287 52023      574
   721 52228       42
   724 52254      508
   965 52438      305
   967 52636        8
  1447 53120      595
  1449 53116      103
  1449 53116      338
  1722 53852      613
  2597 54231       20
  2601 54144      470
  2605 54484      242
   346 51693      475
   349 51699       58
   349 51699       65
   349 51699      187
   349 51699      230
   349 51699      305
   349 51699      402
   349 51699      465
   349 51699      556
   349 51699      587
   553 51999      523
   553 51999      569
   553 51999      596
   555 52266      338
   555 52266      364
   555 52266      458
   559 52316      214
  1267 52932      475
  2573 54061      338
  2576 54086      631
  2577 54086      293
  2583 54095      179
  2583 54095      180
  2583 54095      376
  2583 54095      384
  2583 54095      492
  2583 54095      549
  2584 54153      460
  2584 54153      512
  2587 54138      196
  2591 54140      353
  2594 54177      424
  2595 54207      137
  2595 54207      442
   633 52079      414
   634 52164      240
   635 52145      401
   635 52145      619
   890 52583      281
   890 52583      434
   890 52583      580
   890 52583      590
   892 52378      560
   893 52589      305
  1081 52531       42
  1301 52976       25
  1303 53050      220
  2508 53875      385
  2514 53882       59
  2516 54241        8
  2516 54241      117
  2516 54241      382
  2516 54241      493
  2519 54570      137
  2520 54584      121
  2520 54584      378
  2520 54584      501
  2520 54584      550
  2520 54584      622
  2520 54584      631
  2521 54538      521
  2521 54538      614
  2524 54568      549
  2526 54582      130
  2526 54582      186
  2526 54582      401
  2527 54569      475
  2527 54569      568
  2529 54585      629
   446 51899      533
   446 51899      539
   447 51877       36
   448 51900      448
   690 52261      539
   910 52377      489
   910 52377      585
  1607 53083       12
  1872 53386      358
  1876 54464      152
  1876 54464      452
  1876 54464      586
  1879 54478      120
  1879 54478      411
  2666 54230       14
  2666 54230       72
  2666 54230      111
  2666 54230      264
  2666 54230      372
  2666 54230      445
   592 52025      387
   592 52025      403
   594 52045      187
   829 52296      392
   829 52296      538
   829 52296      629
   832 52312      483
   832 52312      529
  1272 52989      541
  1274 52995       44
  1276 53035      570
  1742 53053      462
   407 51820      542
   407 51820      557
   407 51820      565
   408 51821      587
   409 51871      157
   860 52319      158
   860 52319      207
   864 52320      541
   864 52320      628
  1052 52466      280
  1052 52466      318
  1052 52466      560
  1309 52762      439
  1309 52762      493
  1313 52790      380
  1314 53050       55
  1314 53050      283
  1805 53875       37
  1805 53875       64
  1805 53875      344
  1807 54175      159
  1807 54175      503
  1807 54175      504
  1807 54175      568
  1807 54175      575
  1807 54175      585
  1808 54176      301
  1808 54176      573
  1809 53792      281
  1809 53792      333
  1810 53794      124
  1810 53794      331
  1813 53903      513
  1813 53903      611
  1813 53903      620
   405 51816       35
   405 51816      603
   630 52050      245
   630 52050      305
  1065 52586      110
  1304 52993      100
  1304 52993      132
  1304 52993      405
  1304 52993      490
  1306 52996        5
  1785 54439      379
  1785 54439      615
  1791 54266      152
  1791 54266      470
  1792 54270      513
  1795 54507      260
  1798 53851      153
  1800 53884      372
  1801 54156      426
  1801 54156      434
  1801 54156      435
  1801 54156      518
  1801 54156      537
  2828 54438      520
  2829 54623      235
  2829 54623      238
  2829 54623      312
   364 52000      311
   366 52017      404
   367 51997      235
   371 52078      126
   587 52026      425
   587 52026      517
   783 52325      594
   786 52319       61
   788 52338      200
   788 52338      311
   788 52338      633
  1372 53062      327
  1920 53314      237
  1920 53314      602
  1921 53317      227
  1923 53319      106
  1923 53319      284
  1923 53319      551
  1923 53319      629
  1926 53317      203
  1926 53317      357
  1926 53317      615
  1926 53317      638
  1927 53321      118
  1927 53321      155
  1927 53321      387
  1927 53321      489
  1927 53321      520
  1927 53321      584
  1927 53321      587
  2759 54534      461
  2763 54507      458
  2764 54535      459
  2767 54243      377
   291 51928      323
   744 52251       58
  1817 53851      443
  1820 54208       48
  1824 53491      572
  1836 54567      343
  2808 54524      298
  2808 54524      500
   456 51910       47
   457 51901      259
   459 51924      130
   459 51924      137
   459 51924      194
   459 51924      604
   460 51924      196
   460 51924      303
   460 51924      324
   460 51924      574
   939 52636      233
  1427 52996      212
  1427 52996      351
  1427 52996      392
  1427 52996      428
  1430 53002      356
  1431 52992       13
  1431 52992      173
  1431 52992      237
  1431 52992      251
  1431 52992      384
  1431 52992      489
  1665 52976      159
  1665 52976      163
  1665 52976      247
  1665 52976      262
  1665 52976      332
  1665 52976      348
  1665 52976      395
  1665 52976      397
  1665 52976      463
  1665 52976      501
  1665 52976      549
  1665 52976      559
  1665 52976      574
  1666 52991       11
  1666 52991       81
  1666 52991       95
  2928 54614      265
  2933 54617      411
   355 51788       30
   581 52356       28
   581 52356       40
   581 52356       59
   581 52356      157
   581 52356      242
   581 52356      262
   581 52356      546
   774 52286      400
   775 52295      410
   776 52319      387
   986 52443       29
  1218 52709      487
  1673 53462      621
  2162 54207      604
  2167 53889       71
  2170 53875      335
  2171 53557      414
  2172 54230      164
  2172 54230      278
  2172 54230      577
  2173 53874      192
  2173 53874      202
  2173 53874      401
  2173 53874      532
  2973 54591      511
   389 51795      317
   878 52353      166
   879 52365       81
  1093 52591      584
  1334 52764       66
  1335 52824      520
  1843 53816      115
  1854 53566      133
  1868 53318      574
  1871 53384      563
  2868 54451      493
  2878 54465      121
  2878 54465      354
  2878 54465      380
  2880 54509      108
  2880 54509      313
  2880 54509      442
  2881 54502       73
  2881 54502      438
  2881 54502      554
  2883 54525      638
  2884 54526      552
  2884 54526      572
  2886 54498      250
   400 51820      582
   403 51871      266
   624 52377       92
   853 52374      520
   854 52373       37
   854 52373      359
   854 52373      486
   855 52375      549
  1059 52618      309
  1059 52618      598
  1327 52781      215
  1761 53376      325
  1774 53759      162
  1776 53858      632
  1778 53883      182
  1778 53883      384
  2911 54631      344
  2920 54562      156
   499 51988      404
   501 52235      163
   501 52235      257
   501 52235      366
   501 52235      566
   952 52409      227
   952 52409      247
  1666 52991      353
  1666 52991      367
  1666 52991      549
  2946 54506      196
  2970 54589      268
  2970 54589      535
  2971 54590      523
   278 51900      469
   280 51612      358
   280 51612      396
   461 51910      598
   461 51910      625
   462 51909      517
   465 51910      213
   465 51910      223
   468 51912       14
   468 51912      348
   468 51912      523
   687 52518      610
   929 52581      142
  1362 53050      378
  1362 53050      456
  1362 53050      556
  1601 53115      397
  1936 53330       20
  1936 53330       49
  1936 53330      531
  1936 53330      583
  1936 53330      597
  1940 53383      240
  1944 53385      157
  1944 53385      388
  1945 53387      140
  1946 53432      536
  2769 54527      535
  2770 54510      432
  2770 54510      583
  2771 54527      414
  2779 54540      261
  2782 54592      442
  2783 54524      521
   418 51817      493
   645 52203      412
   650 52143       11
   894 52615      483
   895 52581       44
   895 52581      392
   895 52581      415
   895 52581      423
   898 52606      338
  1323 52797       12
  1323 52797      202
  1324 53088      275
  1324 53088      404
  1324 53088      456
  2608 54474      171
  2608 54474      431
  2608 54474      520
  2608 54474      537
  2608 54474      555
  2608 54474      596
  2609 54476      377
  2609 54476      384
  2609 54476      394
  2609 54476      399
  2609 54476      413
  2609 54476      434
  2609 54476      555
  2609 54476      594
  2613 54481      507
  2617 54502      514
  2636 54082       47
  2636 54082       64
  2636 54082      164
  2636 54082      321
  2636 54082      570
   658 52146      459
   661 52163      538
   661 52163      601
   899 52620      185
   900 52637       84
   900 52637      110
   900 52637      420
   900 52637      623
   901 52641      267
  1070 52591       72
  1314 53050      421
  1314 53050      546
  1315 52791      131
  1316 52790      336
  1749 53357      141
  1749 53357      173
  1749 53357      307
  1749 53357      352
  1749 53357      504
  2636 54082      584
  2636 54082      591
  2636 54082      636
  2644 54210      217
  2646 54479      546
  2651 54507      375
  2655 54184      360
  2656 54484      377
  2656 54484      463
  2657 54502      168
  2657 54502      242
  2657 54502      566
  2659 54498       62
  2660 54504      442
  2660 54504      446
  2660 54504      463
   390 51900      374
   390 51900      407
   390 51900      625
   392 51793      517
   394 51913       18
   394 51913       24
   394 51913       46
   394 51913       53
   394 51913      177
   394 51913      182
   394 51913      239
   394 51913      299
   607 52368      418
   607 52368      609
   841 52375      106
   844 52378      445
  1486 52993      585
  2266 53679      515
  2266 53679      554
  2268 53682      207
  2273 53709      369
  2275 53709      349
  2275 53709      615
  2281 53711      119
  2284 53708      165
  2285 53700      147
  2287 53705      258
  2289 53708      615
  2290 53727      513
  2292 53713      395
  2293 53730      354
   469 51913      130
   473 51929       29
   473 51929       80
   473 51929       90
   473 51929      114
   473 51929      593
   675 52590      190
  1584 52943       32
  2742 54233      470
  2742 54233      599
  2743 54259      216
  2744 54272        3
  2744 54272      312
  2744 54272      552
  2746 54232       84
  2747 54233      205
  2747 54233      336
  2749 54241      102
  2754 54240      116
  2754 54240      372
  2754 54240      552
  2758 54523      133
  2758 54523      163
  2758 54523      232
  2758 54523      493