1.0 9.3529968e-01 4.8355447e-03
2.0 9.3846337e-01 4.8437160e-03
3.0 9.3741360e-01 4.8410061e-03
4.0 9.4133172e-01 4.8511126e-03
5.0 9.5069474e-01 4.8751789e-03
6.0 9.4840433e-01 4.8693027e-03
7.0 9.4610010e-01 4.8633839e-03
8.0 9.5559408e-01 4.8877247e-03
9.0 9.5929022e-01 4.8971681e-03
10.0 9.5492283e-01 4.8860077e-03
11.0 9.5728488e-01 4.8920468e-03
12.0 9.5320834e-01 4.8816195e-03
13.0 9.4922652e-01 4.8714129e-03
14.0 9.4994884e-01 4.8732660e-03
15.0 9.3702068e-01 4.8399914e-03
16.0 9.2603529e-01 4.8115364e-03
17.0 9.2297883e-01 4.8035894e-03
18.0 9.1719732e-01 4.7885210e-03
19.0 9.2039303e-01 4.7968558e-03
20.0 9.1541246e-01 4.7838595e-03
21.0 9.0761521e-01 4.7634421e-03
22.0 9.1842655e-01 4.7917287e-03
23.0 9.1792205e-01 4.7904125e-03
24.0 9.1935557e-01 4.7941516e-03
25.0 9.1118264e-01 4.7727944e-03
26.0 9.0927368e-01 4.7677922e-03
27.0 9.1129029e-01 4.7730763e-03
28.0 9.0537309e-01 4.7575548e-03
29.0 9.0946155e-01 4.7682847e-03
30.0 9.0719898e-01 4.7623497e-03
31.0 9.0688569e-01 4.7615273e-03
32.0 9.0462738e-01 4.7555951e-03
33.0 9.1818326e-01 4.7910940e-03
34.0 9.1904696e-01 4.7933469e-03
35.0 9.1327175e-01 4.7782627e-03
36.0 9.1972951e-01 4.7951265e-03
37.0 9.1296984e-01 4.7774728e-03
38.0 9.1555071e-01 4.7842207e-03
39.0 9.0414947e-01 4.7543388e-03
40.0 8.9760988e-01 4.7371138e-03
41.0 9.0092911e-01 4.7458643e-03
42.0 9.0754544e-01 4.7632590e-03
43.0 9.1009909e-01 4.7699557e-03
44.0 9.1085759e-01 4.7719430e-03
45.0 9.1030611e-01 4.7704982e-03
46.0 9.0244102e-01 4.7498448e-03
47.0 8.9975653e-01 4.7427749e-03
48.0 8.9871061e-01 4.7400174e-03
49.0 9.0754842e-01 4.7632668e-03
50.0 9.1134271e-01 4.7732136e-03
51.0 9.0149170e-01 4.7473459e-03
52.0 9.0549160e-01 4.7578662e-03
53.0 9.0472571e-01 4.7558536e-03
54.0 9.0217288e-01 4.7491391e-03
55.0 9.0788603e-01 4.7641527e-03
56.0 9.1591342e-01 4.7851683e-03
57.0 9.2290455e-01 4.8033961e-03
58.0 9.1838631e-01 4.7916237e-03
59.0 9.1736263e-01 4.7889525e-03
60.0 9.2046992e-01 4.7970562e-03
61.0 9.2747129e-01 4.8152656e-03
62.0 9.2489737e-01 4.8085793e-03
63.0 9.2438170e-01 4.8072386e-03
64.0 9.1794947e-01 4.7904840e-03
65.0 9.1132453e-01 4.7731660e-03
66.0 9.1791439e-01 4.7903925e-03
67.0 9.2743969e-01 4.8151835e-03
68.0 9.2744947e-01 4.8152089e-03
69.0 9.3432449e-01 4.8330231e-03
70.0 9.3660841e-01 4.8389266e-03
71.0 9.3248320e-01 4.8282585e-03
72.0 9.3487325e-01 4.8344422e-03
73.0 9.4468049e-01 4.8597338e-03
74.0 9.4398023e-01 4.8579323e-03
75.0 9.5330185e-01 4.8818589e-03
76.0 9.3581653e-01 4.8368806e-03
77.0 9.4099635e-01 4.8502483e-03
78.0 9.4123947e-01 4.8508749e-03
79.0 9.3907685e-01 4.8452989e-03
80.0 9.3943009e-01 4.8462101e-03
81.0 9.2669668e-01 4.8132543e-03
82.0 9.2569512e-01 4.8106526e-03
83.0 9.2855818e-01 4.8180862e-03
84.0 9.3829740e-01 4.8432877e-03
85.0 9.3481343e-01 4.8342875e-03
86.0 9.2983498e-01 4.8213976e-03
87.0 9.2705026e-01 4.8141725e-03
88.0 9.3321666e-01 4.8301570e-03
89.0 9.3545357e-01 4.8359425e-03
90.0 9.3209261e-01 4.8272472e-03
121.0 9.4329766e-01 4.8561756e-03
122.0 9.4777068e-01 4.8676758e-03
123.0 9.4138134e-01 4.8512404e-03
124.0 9.4994028e-01 4.8732440e-03
125.0 9.4028184e-01 4.8484066e-03
126.0 9.4377079e-01 4.8573933e-03
127.0 9.5710707e-01 4.8915925e-03
128.0 9.4965771e-01 4.8725192e-03
129.0 9.4530351e-01 4.8613360e-03
130.0 9.4540183e-01 4.8615888e-03
131.0 9.4167047e-01 4.8519854e-03
132.0 9.3154373e-01 4.8258257e-03
133.0 9.3223071e-01 4.8276048e-03
134.0 9.2568791e-01 4.8106339e-03
135.0 9.2924929e-01 4.8198789e-03
136.0 9.2370375e-01 4.8054754e-03
137.0 9.3425159e-01 4.8328346e-03
138.0 9.2939977e-01 4.8202691e-03
139.0 9.2773001e-01 4.8159371e-03
140.0 9.3325916e-01 4.8302670e-03
141.0 9.2561244e-01 4.8104377e-03
142.0 9.2762055e-01 4.8156530e-03
143.0 9.3639269e-01 4.8383693e-03
144.0 9.2621270e-01 4.8119973e-03
145.0 9.2785041e-01 4.8162496e-03
146.0 9.2999639e-01 4.8218161e-03
147.0 9.3522896e-01 4.8353618e-03
148.0 9.2742290e-01 4.8151400e-03
149.0 9.1953398e-01 4.7946168e-03
150.0 9.2378837e-01 4.8056955e-03
151.0 9.2632018e-01 4.8122765e-03
152.0 9.2852484e-01 4.8179997e-03
153.0 9.3098195e-01 4.8243703e-03
154.0 9.2701011e-01 4.8140682e-03
155.0 9.2892243e-01 4.8190311e-03
156.0 9.3114216e-01 4.8247854e-03
157.0 9.2692087e-01 4.8138365e-03
158.0 9.3922409e-01 4.8456787e-03
159.0 9.4215779e-01 4.8532407e-03
160.0 9.3412597e-01 4.8325097e-03
161.0 9.3832550e-01 4.8433602e-03
162.0 9.3208023e-01 4.8272151e-03
163.0 9.3715609e-01 4.8403412e-03
164.0 9.4449345e-01 4.8592527e-03
165.0 9.3881839e-01 4.8446321e-03
166.0 9.4477743e-01 4.8599831e-03
167.0 9.4689364e-01 4.8654230e-03
168.0 9.5140158e-01 4.8769909e-03
169.0 9.6253664e-01 4.9054476e-03
170.0 9.5945310e-01 4.8975839e-03
171.0 9.5333855e-01 4.8819529e-03
172.0 9.4679315e-01 4.8651648e-03
173.0 9.4094227e-01 4.8501090e-03
174.0 9.4020282e-01 4.8482028e-03
175.0 9.4208475e-01 4.8530525e-03
176.0 9.4355213e-01 4.8568306e-03
177.0 9.4840967e-01 4.8693164e-03
178.0 9.4764207e-01 4.8673455e-03
179.0 9.5614036e-01 4.8891215e-03
180.0 9.5340295e-01 4.8821178e-03
211.0 9.6619109e-01 4.9147510e-03
212.0 9.6810293e-01 4.9196111e-03
213.0 9.7341918e-01 4.9331004e-03
214.0 9.7738718e-01 4.9431447e-03
215.0 9.7920534e-01 4.9477403e-03
216.0 9.7477934e-01 4.9365457e-03
217.0 9.7740498e-01 4.9431897e-03
218.0 9.7017820e-01 4.9248813e-03
219.0 9.6671858e-01 4.9160924e-03
220.0 9.6191761e-01 4.9038699e-03
221.0 9.6094112e-01 4.9013802e-03
222.0 9.7431657e-01 4.9353738e-03
223.0 9.6026972e-01 4.8996677e-03
224.0 9.6323146e-01 4.9072178e-03
225.0 9.5146452e-01 4.8771522e-03
226.0 9.4778800e-01 4.8677202e-03
227.0 9.5382663e-01 4.8832024e-03
228.0 9.5325616e-01 4.8817419e-03
229.0 9.4550612e-01 4.8618570e-03
230.0 9.4045426e-01 4.8488511e-03
231.0 9.4451722e-01 4.8593138e-03
232.0 9.3945842e-01 4.8462832e-03
233.0 9.4057346e-01 4.8491584e-03
234.0 9.4052946e-01 4.8490449e-03
235.0 9.3618573e-01 4.8378346e-03
236.0 9.4975771e-01 4.8727757e-03
237.0 9.5307647e-01 4.8812818e-03
238.0 9.3914822e-01 4.8454830e-03
239.0 9.4026655e-01 4.8483671e-03
240.0 9.3579403e-01 4.8368224e-03
241.0 9.4122594e-01 4.8508400e-03
242.0 9.3587595e-01 4.8370341e-03
243.0 9.3512023e-01 4.8350808e-03
244.0 9.3843385e-01 4.8436398e-03
245.0 9.4376850e-01 4.8573874e-03
246.0 9.3575564e-01 4.8367232e-03
247.0 9.3360862e-01 4.8311713e-03
248.0 9.3071024e-01 4.8236663e-03
249.0 9.2682793e-01 4.8135952e-03
250.0 9.3861400e-01 4.8441047e-03
251.0 9.4101117e-01 4.8502865e-03
252.0 9.3269052e-01 4.8287952e-03
253.0 9.3869782e-01 4.8443210e-03
254.0 9.5196907e-01 4.8784451e-03
255.0 9.5755195e-01 4.8927292e-03
256.0 9.4676066e-01 4.8650814e-03
257.0 9.4307682e-01 4.8556072e-03
258.0 9.5072295e-01 4.8752512e-03
259.0 9.4540435e-01 4.8615953e-03
260.0 9.4763939e-01 4.8673386e-03
261.0 9.5205454e-01 4.8786641e-03
262.0 9.4525960e-01 4.8612231e-03
263.0 9.4427121e-01 4.8586809e-03
264.0 9.2335525e-01 4.8045688e-03
265.0 9.1759436e-01 4.7895573e-03
266.0 9.1706769e-01 4.7881826e-03
267.0 9.1015107e-01 4.7700919e-03
268.0 9.2201316e-01 4.8010759e-03
269.0 9.1368211e-01 4.7793360e-03
270.0 9.1211605e-01 4.7752384e-03
301.0 9.4642198e-01 4.8642111e-03
302.0 9.4057740e-01 4.8491685e-03
303.0 9.3677807e-01 4.8393648e-03
304.0 9.4152096e-01 4.8516002e-03
305.0 9.4506558e-01 4.8607242e-03
306.0 9.4439395e-01 4.8589967e-03
307.0 9.4473382e-01 4.8598710e-03
308.0 9.5227641e-01 4.8792326e-03
309.0 9.4759343e-01 4.8672206e-03
310.0 9.5041164e-01 4.8744529e-03
311.0 9.4831846e-01 4.8690822e-03
312.0 9.4628824e-01 4.8638674e-03
313.0 9.5273817e-01 4.8804154e-03
314.0 9.5693234e-01 4.8911460e-03
315.0 9.6095531e-01 4.9014164e-03
316.0 9.6777832e-01 4.9187863e-03
317.0 9.6615245e-01 4.9146527e-03
318.0 9.6871950e-01 4.9211775e-03
319.0 9.6498689e-01 4.9116873e-03
320.0 9.6541876e-01 4.9127863e-03
321.0 9.6298736e-01 4.9065960e-03
322.0 9.6208048e-01 4.9042851e-03
323.0 9.6432120e-01 4.9099929e-03
324.0 9.5767163e-01 4.8930349e-03
325.0 9.6965856e-01 4.9235622e-03
326.0 9.6141537e-01 4.9025896e-03
327.0 9.5230911e-01 4.8793163e-03
328.0 9.5870298e-01 4.8956690e-03
329.0 9.6247874e-01 4.9053001e-03
330.0 9.6496218e-01 4.9116245e-03
331.0 9.6721388e-01 4.9173516e-03
332.0 9.6544772e-01 4.9128600e-03
333.0 9.5814214e-01 4.8942368e-03
334.0 9.5741245e-01 4.8923728e-03
335.0 9.5198309e-01 4.8784811e-03
336.0 9.5717285e-01 4.8917606e-03
337.0 9.5507576e-01 4.8863989e-03
338.0 9.4879272e-01 4.8702996e-03
339.0 9.4603772e-01 4.8632236e-03
340.0 9.4811605e-01 4.8685626e-03
341.0 9.4393349e-01 4.8578120e-03
342.0 9.3821531e-01 4.8430758e-03
343.0 9.3971019e-01 4.8469325e-03
344.0 9.4096358e-01 4.8501639e-03
345.0 9.3753954e-01 4.8413313e-03
346.0 9.3449512e-01 4.8334644e-03
347.0 9.3615193e-01 4.8377473e-03
348.0 9.2691011e-01 4.8138086e-03
349.0 9.1844177e-01 4.7917684e-03
350.0 9.1489976e-01 4.7825197e-03
351.0 9.1483450e-01 4.7823491e-03
352.0 9.1802819e-01 4.7906894e-03
353.0 9.2837150e-01 4.8176019e-03
354.0 9.3422818e-01 4.8327740e-03
355.0 9.3337582e-01 4.8305689e-03
356.0 9.3333950e-01 4.8304749e-03
357.0 9.2722668e-01 4.8146305e-03
358.0 9.2750052e-01 4.8153414e-03
359.0 9.2619494e-01 4.8119511e-03
360.0 9.2875560e-01 4.8185984e-03
391.0 9.4934847e-01 4.8717258e-03
392.0 9.4299947e-01 4.8554080e-03
393.0 9.4577443e-01 4.8625468e-03
394.0 9.3689150e-01 4.8396578e-03
395.0 9.4844539e-01 4.8694081e-03
396.0 9.5515046e-01 4.8865900e-03
397.0 9.5122837e-01 4.8765469e-03
398.0 9.3953248e-01 4.8464742e-03
399.0 9.4793970e-01 4.8681098e-03
400.0 9.4644153e-01 4.8642614e-03
401.0 9.5380245e-01 4.8831405e-03
402.0 9.4266814e-01 4.8545550e-03
403.0 9.3855650e-01 4.8439563e-03
404.0 9.3850823e-01 4.8438318e-03
405.0 9.3866471e-01 4.8442355e-03
406.0 9.3564445e-01 4.8364358e-03
407.0 9.3966138e-01 4.8468066e-03
408.0 9.3265184e-01 4.8286951e-03
409.0 9.3208039e-01 4.8272156e-03
410.0 9.3302128e-01 4.8296514e-03
411.0 9.3652385e-01 4.8387082e-03
412.0 9.4094137e-01 4.8501066e-03
413.0 9.3357065e-01 4.8310730e-03
414.0 9.2401291e-01 4.8062795e-03
415.0 9.3286164e-01 4.8292382e-03
416.0 9.3508883e-01 4.8349996e-03
417.0 9.3048856e-01 4.8230918e-03
418.0 9.4058330e-01 4.8491837e-03
419.0 9.4100300e-01 4.8502655e-03
420.0 9.4826295e-01 4.8689397e-03
421.0 9.4799288e-01 4.8682463e-03
422.0 9.6042917e-01 4.9000744e-03
423.0 9.7012223e-01 4.9247392e-03
424.0 9.6675346e-01 4.9161811e-03
425.0 9.7114737e-01 4.9273405e-03
426.0 9.7327391e-01 4.9327323e-03
427.0 9.7990025e-01 4.9494956e-03
428.0 9.7137220e-01 4.9279108e-03
429.0 9.7370307e-01 4.9338197e-03
430.0 9.7826670e-01 4.9453683e-03
431.0 9.6474375e-01 4.9110685e-03
432.0 9.5571770e-01 4.8880408e-03
433.0 9.4173869e-01 4.8521611e-03
434.0 9.3976852e-01 4.8470830e-03
435.0 9.4409760e-01 4.8582343e-03
436.0 9.5321662e-01 4.8816407e-03
437.0 9.5268241e-01 4.8802726e-03
438.0 9.6209495e-01 4.9043220e-03
439.0 9.5198453e-01 4.8784848e-03
440.0 9.4030113e-01 4.8484563e-03
441.0 9.3971470e-01 4.8469442e-03
442.0 9.4193399e-01 4.8526642e-03
443.0 9.4141564e-01 4.8513288e-03
444.0 9.2804933e-01 4.8167659e-03
445.0 9.2796902e-01 4.8165575e-03
446.0 9.2025310e-01 4.7964912e-03
447.0 9.2535450e-01 4.8097674e-03
448.0 9.2824298e-01 4.8172684e-03
449.0 9.2290020e-01 4.8033848e-03
450.0 9.2034883e-01 4.7967407e-03
481.0 9.5463754e-01 4.8852778e-03
482.0 9.5285588e-01 4.8807169e-03
483.0 9.4582935e-01 4.8626879e-03
484.0 9.3513127e-01 4.8351093e-03
485.0 9.3649508e-01 4.8386338e-03
486.0 9.3160128e-01 4.8259748e-03
487.0 9.2302272e-01 4.8037036e-03
488.0 9.1966619e-01 4.7949614e-03
489.0 9.1378722e-01 4.7796109e-03
490.0 9.2568403e-01 4.8106238e-03
491.0 9.3188324e-01 4.8267050e-03
492.0 9.3209276e-01 4.8272476e-03
493.0 9.4176950e-01 4.8522405e-03
494.0 9.4190305e-01 4.8525845e-03
495.0 9.3627022e-01 4.8380529e-03
496.0 9.4584813e-01 4.8627362e-03
497.0 9.4865566e-01 4.8699478e-03
498.0 9.4146802e-01 4.8514638e-03
499.0 9.3996435e-01 4.8475880e-03
500.0 9.3416244e-01 4.8326040e-03
501.0 9.2572303e-01 4.8107251e-03
502.0 9.3215292e-01 4.8274034e-03
503.0 9.4447190e-01 4.8591972e-03
504.0 9.3516762e-01 4.8352033e-03
505.0 9.3873551e-01 4.8444182e-03
506.0 9.3453848e-01 4.8335765e-03
507.0 9.3163327e-01 4.8260576e-03
508.0 9.2807917e-01 4.8168433e-03
509.0 9.2302196e-01 4.8037016e-03
510.0 9.2419065e-01 4.8067418e-03
511.0 9.1963516e-01 4.7948805e-03
512.0 9.2231047e-01 4.8018499e-03
513.0 9.2282279e-01 4.8031833e-03
514.0 9.2208293e-01 4.8012575e-03
515.0 9.1714247e-01 4.7883778e-03
516.0 9.1463096e-01 4.7818170e-03
517.0 9.2052093e-01 4.7971891e-03
518.0 9.2468180e-01 4.8080188e-03
519.0 9.1917597e-01 4.7936833e-03
520.0 9.2069918e-01 4.7976536e-03
521.0 9.2632947e-01 4.8123006e-03
522.0 9.1638064e-01 4.7863886e-03
523.0 9.2095549e-01 4.7983213e-03
524.0 9.1770786e-01 4.7898535e-03
525.0 9.2231797e-01 4.8018694e-03
526.0 9.1828175e-01 4.7913510e-03
527.0 9.0790634e-01 4.7642060e-03
528.0 8.9930225e-01 4.7415774e-03
529.0 9.0165553e-01 4.7477772e-03
530.0 9.0525357e-01 4.7572407e-03
531.0 9.0129908e-01 4.7468387e-03
532.0 9.0738555e-01 4.7628394e-03
533.0 8.9843097e-01 4.7392800e-03
534.0 9.0024964e-01 4.7440743e-03
535.0 8.9458767e-01 4.7291323e-03
536.0 8.9281067e-01 4.7244330e-03
537.0 8.9569071e-01 4.7320469e-03
538.0 8.9239613e-01 4.7233361e-03
539.0 8.9247771e-01 4.7235520e-03
540.0 9.0128204e-01 4.7467938e-03
571.0 9.1287375e-01 4.7772214e-03
572.0 9.1437296e-01 4.7811426e-03
573.0 9.2620694e-01 4.8119823e-03
574.0 9.2887357e-01 4.8189044e-03
575.0 9.2792762e-01 4.8164500e-03
576.0 9.3363920e-01 4.8312504e-03
577.0 9.1978267e-01 4.7952651e-03
578.0 9.2227978e-01 4.8017700e-03
579.0 9.2800596e-01 4.8166533e-03
580.0 9.1907553e-01 4.7934214e-03
581.0 9.2736137e-01 4.8149802e-03
582.0 9.3011776e-01 4.8221307e-03
583.0 9.2782856e-01 4.8161929e-03
584.0 9.3236435e-01 4.8279508e-03
585.0 9.4691912e-01 4.8654885e-03
586.0 9.4753767e-01 4.8670774e-03
587.0 9.4841691e-01 4.8693350e-03
588.0 9.4486028e-01 4.8601962e-03
589.0 9.3893196e-01 4.8449251e-03
590.0 9.4424025e-01 4.8586013e-03
591.0 9.3842683e-01 4.8436217e-03
592.0 9.3869328e-01 4.8443093e-03
593.0 9.3557810e-01 4.8362643e-03
594.0 9.3865145e-01 4.8442013e-03
595.0 9.4070890e-01 4.8495075e-03
596.0 9.4708759e-01 4.8659213e-03
597.0 9.4315195e-01 4.8558006e-03
598.0 9.4118549e-01 4.8507358e-03
599.0 9.3471816e-01 4.8340412e-03
600.0 9.3204293e-01 4.8271185e-03
601.0 9.3471320e-01 4.8340284e-03
602.0 9.3958952e-01 4.8466213e-03
603.0 9.3360490e-01 4.8311616e-03
604.0 9.3927955e-01 4.8458218e-03
605.0 9.4777067e-01 4.8676757e-03
606.0 9.4974726e-01 4.8727489e-03
607.0 9.6088348e-01 4.9012332e-03
608.0 9.5456838e-01 4.8851008e-03
609.0 9.4573992e-01 4.8624581e-03
610.0 9.3404897e-01 4.8323105e-03
611.0 9.4362921e-01 4.8570290e-03
612.0 9.4741593e-01 4.8667647e-03
613.0 9.4652461e-01 4.8644749e-03
614.0 9.4772190e-01 4.8675505e-03
615.0 9.3995080e-01 4.8475530e-03
616.0 9.5521618e-01 4.8867581e-03
617.0 9.5490332e-01 4.8859578e-03
618.0 9.5468871e-01 4.8854087e-03
619.0 9.5826948e-01 4.8945620e-03
620.0 9.6014290e-01 4.8993441e-03
621.0 9.6022651e-01 4.8995574e-03
622.0 9.5390695e-01 4.8834080e-03
623.0 9.5586121e-01 4.8884078e-03
624.0 9.6673252e-01 4.9161279e-03
625.0 9.7363113e-01 4.9336375e-03
626.0 9.8170586e-01 4.9540536e-03
627.0 9.7587143e-01 4.9393103e-03
628.0 9.6744364e-01 4.9179357e-03
629.0 9.6496301e-01 4.9116266e-03
630.0 9.6365631e-01 4.9082999e-03
661.0 9.4280822e-01 4.8549156e-03
662.0 9.3887853e-01 4.8447872e-03
663.0 9.3527106e-01 4.8354707e-03
664.0 9.3519951e-01 4.8352857e-03
665.0 9.3179204e-01 4.8264688e-03
666.0 9.2761610e-01 4.8156415e-03
667.0 9.2876852e-01 4.8186319e-03
668.0 9.2771112e-01 4.8158881e-03
669.0 9.3774602e-01 4.8418644e-03
670.0 9.2082477e-01 4.7979808e-03
671.0 9.2877162e-01 4.8186399e-03
672.0 9.3717155e-01 4.8403811e-03
673.0 9.2393895e-01 4.8060872e-03
674.0 9.2247199e-01 4.8022703e-03
675.0 9.2109521e-01 4.7986853e-03
676.0 9.1290222e-01 4.7772958e-03
677.0 9.0939253e-01 4.7681038e-03
678.0 9.0392495e-01 4.7537484e-03
679.0 9.1691745e-01 4.7877904e-03
680.0 9.2392054e-01 4.8060393e-03
681.0 9.3265756e-01 4.8287099e-03
682.0 9.3744276e-01 4.8410814e-03
683.0 9.3030326e-01 4.8226115e-03
684.0 9.2733021e-01 4.8148993e-03
685.0 9.3101462e-01 4.8244550e-03
686.0 9.2359336e-01 4.8051883e-03
687.0 9.2881103e-01 4.8187421e-03
688.0 9.2787508e-01 4.8163137e-03
689.0 9.2593945e-01 4.8112874e-03
690.0 9.3102042e-01 4.8244700e-03
691.0 9.3421471e-01 4.8327392e-03
692.0 9.3209982e-01 4.8272659e-03
693.0 9.3962332e-01 4.8467085e-03
694.0 9.3273308e-01 4.8289054e-03
695.0 9.3680598e-01 4.8394369e-03
696.0 9.4069637e-01 4.8494752e-03
697.0 9.3848150e-01 4.8437628e-03
698.0 9.4042085e-01 4.8487649e-03
699.0 9.3230108e-01 4.8277870e-03
700.0 9.3843893e-01 4.8436529e-03
701.0 9.3722436e-01 4.8405174e-03
702.0 9.3387986e-01 4.8318730e-03
703.0 9.4068298e-01 4.8494407e-03
704.0 9.3603659e-01 4.8374492e-03
705.0 9.2715497e-01 4.8144443e-03
706.0 9.1787620e-01 4.7902928e-03
707.0 9.2270417e-01 4.8028746e-03
708.0 9.1554710e-01 4.7842113e-03
709.0 9.2782480e-01 4.8161832e-03
710.0 9.1512750e-01 4.7831149e-03
711.0 9.2720968e-01 4.8145864e-03
712.0 9.2901852e-01 4.8192804e-03
713.0 9.2880678e-01 4.8187311e-03
714.0 9.2590936e-01 4.8112092e-03
715.0 9.2904144e-01 4.8193398e-03
716.0 9.2925527e-01 4.8198944e-03
717.0 9.3663502e-01 4.8389953e-03
718.0 9.3742234e-01 4.8410287e-03
719.0 9.3832160e-01 4.8433501e-03
720.0 9.3599005e-01 4.8373290e-03
751.0 9.1284629e-01 4.7771495e-03
752.0 9.0841198e-01 4.7655325e-03
753.0 9.0142330e-01 4.7471658e-03
754.0 8.9737242e-01 4.7364872e-03
755.0 9.0614968e-01 4.7595947e-03
756.0 9.0193547e-01 4.7485142e-03
757.0 9.2052238e-01 4.7971929e-03
758.0 9.2464864e-01 4.8079326e-03
759.0 9.2648049e-01 4.8126929e-03
760.0 9.2164272e-01 4.8001113e-03
761.0 9.2700607e-01 4.8140577e-03
762.0 9.2390057e-01 4.8059874e-03
763.0 9.2544044e-01 4.8099908e-03
764.0 9.4222235e-01 4.8534070e-03
765.0 9.4130966e-01 4.8510557e-03
766.0 9.4841450e-01 4.8693288e-03
767.0 9.4331735e-01 4.8562263e-03
768.0 9.4279603e-01 4.8548842e-03
769.0 9.5364953e-01 4.8827491e-03
770.0 9.4877404e-01 4.8702517e-03
771.0 9.5950023e-01 4.8977042e-03
772.0 9.6288918e-01 4.9063459e-03
773.0 9.5779634e-01 4.8933535e-03
774.0 9.6068118e-01 4.9007173e-03
775.0 9.6544257e-01 4.9128469e-03
776.0 9.6784348e-01 4.9189519e-03
777.0 9.5611671e-01 4.8890611e-03
778.0 9.5053716e-01 4.8747748e-03
779.0 9.4818691e-01 4.8687445e-03
780.0 9.4711787e-01 4.8659991e-03
781.0 9.5051978e-01 4.8747302e-03
782.0 9.5080746e-01 4.8754679e-03
783.0 9.4162275e-01 4.8518624e-03
784.0 9.4383275e-01 4.8575528e-03
785.0 9.4740294e-01 4.8667313e-03
786.0 9.5027219e-01 4.8740953e-03
787.0 9.5641037e-01 4.8898118e-03
788.0 9.6057655e-01 4.9004504e-03
789.0 9.6226900e-01 4.9047656e-03
790.0 9.6024832e-01 4.8996131e-03
791.0 9.4853586e-01 4.8696403e-03
792.0 9.5053786e-01 4.8747766e-03
793.0 9.5105921e-01 4.8761133e-03
794.0 9.5212847e-01 4.8788535e-03
795.0 9.4321186e-01 4.8559548e-03
796.0 9.3602083e-01 4.8374085e-03
797.0 9.4275869e-01 4.8547881e-03
798.0 9.4235064e-01 4.8537373e-03
799.0 9.4622532e-01 4.8637057e-03
800.0 9.4593715e-01 4.8629651e-03
801.0 9.4558526e-01 4.8620604e-03
802.0 9.5109578e-01 4.8762070e-03
803.0 9.4703154e-01 4.8657773e-03
804.0 9.4708300e-01 4.8659095e-03
805.0 9.4371304e-01 4.8572447e-03
806.0 9.4057827e-01 4.8491708e-03
807.0 9.3839203e-01 4.8435319e-03
808.0 9.3962044e-01 4.8467011e-03
809.0 9.3654685e-01 4.8387676e-03
810.0 9.4467424e-01 4.8597177e-03
841.0 9.4435500e-01 4.8588965e-03
842.0 9.4369282e-01 4.8571927e-03
843.0 9.4753282e-01 4.8670649e-03
844.0 9.3984467e-01 4.8472793e-03
845.0 9.4209041e-01 4.8530671e-03
846.0 9.4300662e-01 4.8554264e-03
847.0 9.4574702e-01 4.8624763e-03
848.0 9.4726886e-01 4.8663869e-03
849.0 9.6206361e-01 4.9042421e-03
850.0 9.5664556e-01 4.8904130e-03
851.0 9.5222051e-01 4.8790894e-03
852.0 9.4748346e-01 4.8669381e-03
853.0 9.4337043e-01 4.8563629e-03
854.0 9.3905310e-01 4.8452376e-03
855.0 9.4640635e-01 4.8641709e-03
856.0 9.5486218e-01 4.8858525e-03
857.0 9.5024873e-01 4.8740351e-03
858.0 9.4423867e-01 4.8585972e-03
859.0 9.4691082e-01 4.8654672e-03
860.0 9.4289340e-01 4.8551349e-03
861.0 9.4657178e-01 4.8645961e-03
862.0 9.4742777e-01 4.8667951e-03
863.0 9.3728086e-01 4.8406634e-03
864.0 9.4700529e-01 4.8657099e-03
865.0 9.5775402e-01 4.8932454e-03
866.0 9.5279074e-01 4.8805500e-03
867.0 9.4947270e-01 4.8720445e-03
868.0 9.5059971e-01 4.8749352e-03
869.0 9.5197153e-01 4.8784514e-03
870.0 9.5532004e-01 4.8870238e-03
871.0 9.6704001e-01 4.9169097e-03
872.0 9.6424562e-01 4.9098005e-03
873.0 9.5773035e-01 4.8931850e-03
874.0 9.4787501e-01 4.8679437e-03
875.0 9.4260711e-01 4.8543978e-03
876.0 9.4220779e-01 4.8533695e-03
877.0 9.5318672e-01 4.8815641e-03
878.0 9.4899653e-01 4.8708227e-03
879.0 9.4985394e-01 4.8730226e-03
880.0 9.4899772e-01 4.8708257e-03
881.0 9.5591745e-01 4.8885516e-03
882.0 9.7073141e-01 4.9262852e-03
883.0 9.6568314e-01 4.9134589e-03
884.0 9.6097190e-01 4.9014587e-03
885.0 9.6615279e-01 4.9146536e-03
886.0 9.6885153e-01 4.9215128e-03
887.0 9.7891854e-01 4.9470157e-03
888.0 9.8017117e-01 4.9501797e-03
889.0 9.7549495e-01 4.9383574e-03
890.0 9.7702364e-01 4.9422253e-03
891.0 9.8190265e-01 4.9545501e-03
892.0 9.8460280e-01 4.9613577e-03
893.0 9.8521136e-01 4.9628907e-03
894.0 9.8917557e-01 4.9728653e-03
895.0 9.9365864e-01 4.9841214e-03
896.0 9.9934049e-01 4.9983510e-03
897.0 1.0000000e+00 5.0000000e-03
898.0 9.9530808e-01 4.9882564e-03
899.0 9.9311773e-01 4.9827646e-03
900.0 9.9757690e-01 4.9939386e-03
931.0 9.6336255e-01 4.9075517e-03
932.0 9.5833818e-01 4.8947374e-03
933.0 9.6907469e-01 4.9220796e-03
934.0 9.5818923e-01 4.8943571e-03
935.0 9.4301142e-01 4.8554388e-03
936.0 9.4567105e-01 4.8622810e-03
937.0 9.4198734e-01 4.8528017e-03
938.0 9.3531858e-01 4.8355935e-03
939.0 9.3979704e-01 4.8471565e-03
940.0 9.4134321e-01 4.8511422e-03
941.0 9.3761386e-01 4.8415232e-03
942.0 9.2935474e-01 4.8201524e-03
943.0 9.3542880e-01 4.8358784e-03
944.0 9.3962832e-01 4.8467214e-03
945.0 9.3881417e-01 4.8446212e-03
946.0 9.5051669e-01 4.8747223e-03
947.0 9.4304073e-01 4.8555142e-03
948.0 9.3302176e-01 4.8296526e-03
949.0 9.2898338e-01 4.8191892e-03
950.0 9.2905037e-01 4.8193630e-03
951.0 9.3107309e-01 4.8246065e-03
952.0 9.2998619e-01 4.8217896e-03
953.0 9.3263590e-01 4.8286538e-03
954.0 9.2496549e-01 4.8087563e-03
955.0 9.3487582e-01 4.8344489e-03
956.0 9.3449914e-01 4.8334748e-03
957.0 9.4175763e-01 4.8522099e-03
958.0 9.4364900e-01 4.8570799e-03
959.0 9.4623345e-01 4.8637266e-03
960.0 9.4930564e-01 4.8716159e-03
961.0 9.5159927e-01 4.8774975e-03
962.0 9.5474895e-01 4.8855628e-03
963.0 9.6233224e-01 4.9049267e-03
964.0 9.6209471e-01 4.9043214e-03
965.0 9.6513784e-01 4.9120715e-03
966.0 9.6315507e-01 4.9070232e-03
967.0 9.7077479e-01 4.9263952e-03
968.0 9.6467224e-01 4.9108865e-03
969.0 9.7456604e-01 4.9360056e-03
970.0 9.7219967e-01 4.9300093e-03
971.0 9.6116710e-01 4.9019565e-03
972.0 9.6073092e-01 4.9008441e-03
973.0 9.5508386e-01 4.8864196e-03
974.0 9.5945506e-01 4.8975889e-03
975.0 9.5397006e-01 4.8835696e-03
976.0 9.5035076e-01 4.8742968e-03
977.0 9.3763793e-01 4.8415853e-03
978.0 9.3488430e-01 4.8344708e-03
979.0 9.1966619e-01 4.7949614e-03
980.0 9.1064316e-01 4.7713813e-03
981.0 9.1698168e-01 4.7879580e-03
982.0 9.2304594e-01 4.8037640e-03
983.0 9.2667671e-01 4.8132025e-03
984.0 9.2119927e-01 4.7989563e-03
985.0 9.2175421e-01 4.8004016e-03
986.0 9.2268181e-01 4.8028164e-03
987.0 9.1610251e-01 4.7856622e-03
988.0 9.2681015e-01 4.8135490e-03
989.0 9.3300653e-01 4.8296132e-03
990.0 9.3189043e-01 4.8267236e-03
1021.0 9.6351993e-01 4.9079526e-03
1022.0 9.6534881e-01 4.9126083e-03
1023.0 9.6017962e-01 4.8994378e-03
1024.0 9.5886868e-01 4.8960920e-03
1025.0 9.7110692e-01 4.9272379e-03
1026.0 9.8015847e-01 4.9501477e-03
1027.0 9.8055898e-01 4.9511589e-03
1028.0 9.7844454e-01 4.9458178e-03
1029.0 9.7679762e-01 4.9416536e-03
1030.0 9.7846071e-01 4.9458587e-03
1031.0 9.6977063e-01 4.9238467e-03
1032.0 9.6629504e-01 4.9150154e-03
1033.0 9.5419573e-01 4.8841472e-03
1034.0 9.5584264e-01 4.8883603e-03
1035.0 9.5885703e-01 4.8960623e-03
1036.0 9.5459071e-01 4.8851579e-03
1037.0 9.6367017e-01 4.9083352e-03
1038.0 9.5450322e-01 4.8849341e-03
1039.0 9.4418500e-01 4.8584592e-03
1040.0 9.4536042e-01 4.8614824e-03
1041.0 9.5156085e-01 4.8773990e-03
1042.0 9.6144787e-01 4.9026724e-03
1043.0 9.5723349e-01 4.8919155e-03
1044.0 9.6301620e-01 4.9066695e-03
1045.0 9.6124051e-01 4.9021437e-03
1046.0 9.5885498e-01 4.8960571e-03
1047.0 9.6323761e-01 4.9072335e-03
1048.0 9.6595528e-01 4.9141512e-03
1049.0 9.5447888e-01 4.8848718e-03
1050.0 9.6274848e-01 4.9059874e-03
1051.0 9.7009711e-01 4.9246754e-03
1052.0 9.6443492e-01 4.9102824e-03
1053.0 9.6543115e-01 4.9128178e-03
1054.0 9.6694222e-01 4.9166610e-03
1055.0 9.6701462e-01 4.9168451e-03
1056.0 9.6187352e-01 4.9037576e-03
1057.0 9.5633268e-01 4.8896132e-03
1058.0 9.5506873e-01 4.8863809e-03
1059.0 9.6156458e-01 4.9029700e-03
1060.0 9.6375173e-01 4.9085429e-03
1061.0 9.5986201e-01 4.8986274e-03
1062.0 9.6348213e-01 4.9078563e-03
1063.0 9.4405926e-01 4.8581356e-03
1064.0 9.5092669e-01 4.8757735e-03
1065.0 9.3931842e-01 4.8459221e-03
1066.0 9.3684663e-01 4.8395419e-03
1067.0 9.2980134e-01 4.8213104e-03
1068.0 9.2203889e-01 4.8011428e-03
1069.0 9.3035631e-01 4.8227490e-03
1070.0 9.2781185e-01 4.8161496e-03
1071.0 9.3050668e-01 4.8231387e-03
1072.0 9.3067189e-01 4.8235669e-03
1073.0 9.3399734e-01 4.8321769e-03
1074.0 9.3477594e-01 4.8341906e-03
1075.0 9.2684838e-01 4.8136483e-03
1076.0 9.3382840e-01 4.8317399e-03
1077.0 9.3082192e-01 4.8239557e-03
1078.0 9.2134850e-01 4.7993450e-03
1079.0 9.1958353e-01 4.7947459e-03
1080.0 9.3007934e-01 4.8220311e-03
1111.0 9.4941002e-01 4.8718837e-03
1112.0 9.4764287e-01 4.8673475e-03
1113.0 9.4836777e-01 4.8692088e-03
1114.0 9.5336582e-01 4.8820227e-03
1115.0 9.5557271e-01 4.8876700e-03
1116.0 9.5556501e-01 4.8876503e-03
1117.0 9.5684527e-01 4.8909234e-03
1118.0 9.7107261e-01 4.9271508e-03
1119.0 9.6877170e-01 4.9213101e-03
1120.0 9.6837957e-01 4.9203140e-03
1121.0 9.7327569e-01 4.9327368e-03
1122.0 9.7829629e-01 4.9454431e-03
1123.0 9.8355300e-01 4.9587121e-03
1124.0 9.8499004e-01 4.9623332e-03
1125.0 9.7516787e-01 4.9375294e-03
1126.0 9.8347687e-01 4.9585201e-03
1127.0 9.7356418e-01 4.9334678e-03
1128.0 9.7357395e-01 4.9334926e-03
1129.0 9.6682458e-01 4.9163619e-03
1130.0 9.6469273e-01 4.9109387e-03
1131.0 9.6524026e-01 4.9123321e-03
1132.0 9.6582427e-01 4.9138180e-03
1133.0 9.6689054e-01 4.9165296e-03
1134.0 9.7559098e-01 4.9386005e-03
1135.0 9.7626507e-01 4.9403064e-03
1136.0 9.7253255e-01 4.9308533e-03
1137.0 9.7667272e-01 4.9413377e-03
1138.0 9.8213164e-01 4.9551278e-03
1139.0 9.7181259e-01 4.9290278e-03
1140.0 9.7372192e-01 4.9338675e-03
1141.0 9.7619682e-01 4.9401337e-03
1142.0 9.7210411e-01 4.9297670e-03
1143.0 9.7891154e-01 4.9469979e-03
1144.0 9.7566848e-01 4.9387967e-03
1145.0 9.7438360e-01 4.9355436e-03
1146.0 9.7124536e-01 4.9275891e-03
1147.0 9.6944152e-01 4.9230111e-03
1148.0 9.6075795e-01 4.9009131e-03
1149.0 9.5035404e-01 4.8743052e-03
1150.0 9.5969287e-01 4.8981958e-03
1151.0 9.5319979e-01 4.8815976e-03
1152.0 9.4615657e-01 4.8635290e-03
1153.0 9.3195614e-01 4.8268938e-03
1154.0 9.2825975e-01 4.8173119e-03
1155.0 9.2043496e-01 4.7969651e-03
1156.0 9.3188036e-01 4.8266976e-03
1157.0 9.3860259e-01 4.8440752e-03
1158.0 9.3419221e-01 4.8326810e-03
1159.0 9.4861819e-01 4.8698516e-03
1160.0 9.5428008e-01 4.8843630e-03
1161.0 9.5123650e-01 4.8765677e-03
1162.0 9.3476618e-01 4.8341654e-03
1163.0 9.4947555e-01 4.8720518e-03
1164.0 9.3994874e-01 4.8475477e-03
1165.0 9.2942099e-01 4.8203242e-03
1166.0 9.3651500e-01 4.8386853e-03
1167.0 9.5193387e-01 4.8783549e-03
1168.0 9.5999276e-01 4.8989611e-03
1169.0 9.6227006e-01 4.9047683e-03
1170.0 9.6467276e-01 4.9108878e-03
1201.0 9.3427333e-01 4.8328908e-03
1202.0 9.3527267e-01 4.8354749e-03
1203.0 9.3269147e-01 4.8287977e-03
1204.0 9.3392667e-01 4.8319941e-03
1205.0 9.3758653e-01 4.8414526e-03
1206.0 9.3779029e-01 4.8419787e-03
1207.0 9.3819319e-01 4.8430187e-03
1208.0 9.3366274e-01 4.8313113e-03
1209.0 9.2974627e-01 4.8211676e-03
1210.0 9.2133926e-01 4.7993210e-03
1211.0 9.3332105e-01 4.8304272e-03
1212.0 9.2580077e-01 4.8109271e-03
1213.0 9.2207555e-01 4.8012383e-03
1214.0 9.1840810e-01 4.7916806e-03
1215.0 9.2513795e-01 4.8092046e-03
1216.0 9.2402004e-01 4.8062981e-03
1217.0 9.3266862e-01 4.8287385e-03
1218.0 9.2879124e-01 4.8186908e-03
1219.0 9.3102664e-01 4.8244861e-03
1220.0 9.2618546e-01 4.8119265e-03
1221.0 9.4050227e-01 4.8489749e-03
1222.0 9.3285641e-01 4.8292246e-03
1223.0 9.3506097e-01 4.8349276e-03
1224.0 9.3924242e-01 4.8457260e-03
1225.0 9.4189303e-01 4.8525587e-03
1226.0 9.4045455e-01 4.8488518e-03
1227.0 9.3946830e-01 4.8463087e-03
1228.0 9.3962173e-01 4.8467044e-03
1229.0 9.3869403e-01 4.8443112e-03
1230.0 9.4478438e-01 4.8600010e-03
1231.0 9.5832847e-01 4.8947127e-03
1232.0 9.5371555e-01 4.8829181e-03
1233.0 9.4415146e-01 4.8583729e-03
1234.0 9.4326724e-01 4.8560973e-03
1235.0 9.5918802e-01 4.8969073e-03
1236.0 9.5302992e-01 4.8811626e-03
1237.0 9.6262181e-01 4.9056646e-03
1238.0 9.7178804e-01 4.9289655e-03
1239.0 9.6643410e-01 4.9153690e-03
1240.0 9.6841011e-01 4.9203915e-03
1241.0 9.7706680e-01 4.9423345e-03
1242.0 9.7246162e-01 4.9306735e-03
1243.0 9.6921690e-01 4.9224407e-03
1244.0 9.6390589e-01 4.9089355e-03
1245.0 9.5603072e-01 4.8888412e-03
1246.0 9.5085480e-01 4.8755892e-03
1247.0 9.4245632e-01 4.8540095e-03
1248.0 9.4243847e-01 4.8539635e-03
1249.0 9.3733943e-01 4.8408146e-03
1250.0 9.3876096e-01 4.8444839e-03
1251.0 9.2901360e-01 4.8192676e-03
1252.0 9.3155410e-01 4.8258525e-03
1253.0 9.3721008e-01 4.8404806e-03
1254.0 9.2479695e-01 4.8083182e-03
1255.0 9.2781713e-01 4.8161633e-03
1256.0 9.3613643e-01 4.8377072e-03
1257.0 9.2851987e-01 4.8179868e-03
1258.0 9.3980702e-01 4.8471822e-03
1259.0 9.4224552e-01 4.8534666e-03
1260.0 9.3757603e-01 4.8414255e-03
1291.0 9.1686986e-01 4.7876661e-03
1292.0 9.2053479e-01 4.7972252e-03
1293.0 9.3738037e-01 4.8409203e-03
1294.0 9.3735445e-01 4.8408534e-03
1295.0 9.4271098e-01 4.8546653e-03
1296.0 9.4290761e-01 4.8551715e-03
1297.0 9.4211088e-01 4.8531198e-03
1298.0 9.4763801e-01 4.8673350e-03
1299.0 9.4526851e-01 4.8612460e-03
1300.0 9.4660537e-01 4.8646824e-03
1301.0 9.4816430e-01 4.8686865e-03
1302.0 9.4340389e-01 4.8564491e-03
1303.0 9.4933615e-01 4.8716942e-03
1304.0 9.4772326e-01 4.8675540e-03
1305.0 9.4242806e-01 4.8539367e-03
1306.0 9.4545072e-01 4.8617145e-03
1307.0 9.3950327e-01 4.8463989e-03
1308.0 9.3953615e-01 4.8464837e-03
1309.0 9.3948904e-01 4.8463622e-03
1310.0 9.4625275e-01 4.8637762e-03
1311.0 9.4881699e-01 4.8703619e-03
1312.0 9.4806236e-01 4.8684247e-03
1313.0 9.5275659e-01 4.8804626e-03
1314.0 9.6062781e-01 4.9005811e-03
1315.0 9.6299223e-01 4.9066084e-03
1316.0 9.6170146e-01 4.9033190e-03
1317.0 9.5207978e-01 4.8787288e-03
1318.0 9.4465224e-01 4.8596611e-03
1319.0 9.4224159e-01 4.8534565e-03
1320.0 9.3823887e-01 4.8431366e-03
1321.0 9.3701756e-01 4.8399834e-03
1322.0 9.3751560e-01 4.8412695e-03
1323.0 9.4086014e-01 4.8498973e-03
1324.0 9.4025813e-01 4.8483454e-03
1325.0 9.4330952e-01 4.8562062e-03
1326.0 9.4336045e-01 4.8563373e-03
1327.0 9.3054437e-01 4.8232364e-03
1328.0 9.2508292e-01 4.8090616e-03
1329.0 9.2497083e-01 4.8087702e-03
1330.0 9.1811132e-01 4.7909063e-03
1331.0 9.2299003e-01 4.8036185e-03
1332.0 9.3359389e-01 4.8311332e-03
1333.0 9.4145071e-01 4.8514192e-03
1334.0 9.3997004e-01 4.8476026e-03
1335.0 9.4931718e-01 4.8716455e-03
1336.0 9.4965331e-01 4.8725079e-03
1337.0 9.4690012e-01 4.8654397e-03
1338.0 9.4257370e-01 4.8543118e-03
1339.0 9.4037634e-01 4.8486502e-03
1340.0 9.3783829e-01 4.8421026e-03
1341.0 9.3894115e-01 4.8449488e-03
1342.0 9.3988673e-01 4.8473878e-03
1343.0 9.3986029e-01 4.8473196e-03
1344.0 9.4254217e-01 4.8542306e-03
1345.0 9.4984077e-01 4.8729888e-03
1346.0 9.5521533e-01 4.8867559e-03
1347.0 9.4488466e-01 4.8602589e-03
1348.0 9.2834733e-01 4.8175392e-03
1349.0 9.3490196e-01 4.8345164e-03
1350.0 9.2634590e-01 4.8123433e-03
1381.0 9.3027680e-01 4.8225429e-03
1382.0 9.3511986e-01 4.8350798e-03
1383.0 9.3206686e-01 4.8271805e-03
1384.0 9.4611198e-01 4.8634144e-03
1385.0 9.4187198e-01 4.8525045e-03
1386.0 9.4640380e-01 4.8641644e-03
1387.0 9.4789484e-01 4.8679946e-03
1388.0 9.5554400e-01 4.8875966e-03
1389.0 9.6439721e-01 4.9101864e-03
1390.0 9.6325287e-01 4.9072723e-03
1391.0 9.5709793e-01 4.8915691e-03
1392.0 9.5883776e-01 4.8960131e-03
1393.0 9.5349956e-01 4.8823651e-03
1394.0 9.6531692e-01 4.9125272e-03
1395.0 9.6471769e-01 4.9110022e-03
1396.0 9.6092468e-01 4.9013383e-03
1397.0 9.6091618e-01 4.9013166e-03
1398.0 9.5110928e-01 4.8762416e-03
1399.0 9.4419318e-01 4.8584802e-03
1400.0 9.5156767e-01 4.8774165e-03
1401.0 9.4657508e-01 4.8646045e-03
1402.0 9.3958312e-01 4.8466048e-03
1403.0 9.4286657e-01 4.8550659e-03
1404.0 9.5014264e-01 4.8737630e-03
1405.0 9.5407997e-01 4.8838509e-03
1406.0 9.5951075e-01 4.8977310e-03
1407.0 9.5358861e-01 4.8825931e-03
1408.0 9.4368892e-01 4.8571827e-03
1409.0 9.5291502e-01 4.8808683e-03
1410.0 9.5003437e-01 4.8734854e-03
1411.0 9.4783277e-01 4.8678352e-03
1412.0 9.5572614e-01 4.8880624e-03
1413.0 9.5825678e-01 4.8945296e-03
1414.0 9.5995325e-01 4.8988602e-03
1415.0 9.7254399e-01 4.9308823e-03
1416.0 9.6656992e-01 4.9157144e-03
1417.0 9.7081743e-01 4.9265034e-03
1418.0 9.6933757e-01 4.9227472e-03
1419.0 9.6944043e-01 4.9230083e-03
1420.0 9.7733199e-01 4.9430052e-03
1421.0 9.7833524e-01 4.9455415e-03
1422.0 9.7946368e-01 4.9483929e-03
1423.0 9.8396479e-01 4.9597500e-03
1424.0 9.7921182e-01 4.9477566e-03
1425.0 9.7157086e-01 4.9284147e-03
1426.0 9.6307931e-01 4.9068302e-03
1427.0 9.4931820e-01 4.8716481e-03
1428.0 9.6165948e-01 4.9032119e-03
1429.0 9.5349663e-01 4.8823576e-03
1430.0 9.5125841e-01 4.8766239e-03
1431.0 9.4871488e-01 4.8700998e-03
1432.0 9.5008308e-01 4.8736103e-03
1433.0 9.5450175e-01 4.8849303e-03
1434.0 9.5909910e-01 4.8966803e-03
1435.0 9.5426489e-01 4.8843242e-03
1436.0 9.5239652e-01 4.8795403e-03
1437.0 9.5338893e-01 4.8820819e-03
1438.0 9.5093801e-01 4.8758025e-03
1439.0 9.6045959e-01 4.9001520e-03
1440.0 9.6237638e-01 4.9050392e-03
1471.0 9.6133353e-01 4.9023809e-03
1472.0 9.6766261e-01 4.9184922e-03
1473.0 9.6216295e-01 4.9044953e-03
1474.0 9.6001849e-01 4.8990267e-03
1475.0 9.5879452e-01 4.8959027e-03
1476.0 9.5272291e-01 4.8803763e-03
1477.0 9.5614763e-01 4.8891401e-03
1478.0 9.5442514e-01 4.8847343e-03
1479.0 9.5610583e-01 4.8890332e-03
1480.0 9.4954565e-01 4.8722317e-03
