1.0 9.3529968e-01 4.8355447e-03
2.0 9.3846337e-01 4.8437160e-03
3.0 9.3741360e-01 4.8410061e-03
4.0 9.4133172e-01 4.8511126e-03
5.0 9.5069474e-01 4.8751789e-03
6.0 9.4840433e-01 4.8693027e-03
7.0 9.4610010e-01 4.8633839e-03
8.0 9.5559408e-01 4.8877247e-03
9.0 9.5929022e-01 4.8971681e-03
10.0 9.5492283e-01 4.8860077e-03
11.0 9.5728488e-01 4.8920468e-03
12.0 9.5320834e-01 4.8816195e-03
13.0 9.4922652e-01 4.8714129e-03
14.0 9.4994884e-01 4.8732660e-03
15.0 9.3702068e-01 4.8399914e-03
16.0 9.2603529e-01 4.8115364e-03
17.0 9.2297883e-01 4.8035894e-03
18.0 9.1719732e-01 4.7885210e-03
19.0 9.2039303e-01 4.7968558e-03
20.0 9.1541246e-01 4.7838595e-03
21.0 9.0761521e-01 4.7634421e-03
22.0 9.1842655e-01 4.7917287e-03
23.0 9.1792205e-01 4.7904125e-03
24.0 9.1935557e-01 4.7941516e-03
25.0 9.1118264e-01 4.7727944e-03
26.0 9.0927368e-01 4.7677922e-03
27.0 9.1129029e-01 4.7730763e-03
28.0 9.0537309e-01 4.7575548e-03
29.0 9.0946155e-01 4.7682847e-03
30.0 9.0719898e-01 4.7623497e-03
31.0 9.0688569e-01 4.7615273e-03
32.0 9.0462738e-01 4.7555951e-03
33.0 9.1818326e-01 4.7910940e-03
34.0 9.1904696e-01 4.7933469e-03
35.0 9.1327175e-01 4.7782627e-03
36.0 9.1972951e-01 4.7951265e-03
37.0 9.1296984e-01 4.7774728e-03
38.0 9.1555071e-01 4.7842207e-03
39.0 9.0414947e-01 4.7543388e-03
40.0 8.9760988e-01 4.7371138e-03
41.0 9.0092911e-01 4.7458643e-03
42.0 9.0754544e-01 4.7632590e-03
43.0 9.1009909e-01 4.7699557e-03
44.0 9.1085759e-01 4.7719430e-03
45.0 9.1030611e-01 4.7704982e-03
46.0 9.0244102e-01 4.7498448e-03
47.0 8.9975653e-01 4.7427749e-03
48.0 8.9871061e-01 4.7400174e-03
49.0 9.0754842e-01 4.7632668e-03
50.0 9.1134271e-01 4.7732136e-03
51.0 9.0149170e-01 4.7473459e-03
52.0 9.0549160e-01 4.7578662e-03
53.0 9.0472571e-01 4.7558536e-03
54.0 9.0217288e-01 4.7491391e-03
55.0 9.0788603e-01 4.7641527e-03
56.0 9.1591342e-01 4.7851683e-03
57.0 9.2290455e-01 4.8033961e-03
58.0 9.1838631e-01 4.7916237e-03
59.0 9.1736263e-01 4.7889525e-03
60.0 9.2046992e-01 4.7970562e-03
61.0 9.2747129e-01 4.8152656e-03
62.0 9.2489737e-01 4.8085793e-03
63.0 9.2438170e-01 4.8072386e-03
64.0 9.1794947e-01 4.7904840e-03
65.0 9.1132453e-01 4.7731660e-03
66.0 9.1791439e-01 4.7903925e-03
67.0 9.2743969e-01 4.8151835e-03
68.0 9.2744947e-01 4.8152089e-03
69.0 9.3432449e-01 4.8330231e-03
70.0 9.3660841e-01 4.8389266e-03
71.0 9.3248320e-01 4.8282585e-03
72.0 9.3487325e-01 4.8344422e-03
73.0 9.4468049e-01 4.8597338e-03
74.0 9.4398023e-01 4.8579323e-03
75.0 9.5330185e-01 4.8818589e-03
76.0 9.3581653e-01 4.8368806e-03
77.0 9.4099635e-01 4.8502483e-03
78.0 9.4123947e-01 4.8508749e-03
79.0 9.3907685e-01 4.8452989e-03
80.0 9.3943009e-01 4.8462101e-03
81.0 9.2669668e-01 4.8132543e-03
82.0 9.2569512e-01 4.8106526e-03
83.0 9.2855818e-01 4.8180862e-03
84.0 9.3829740e-01 4.8432877e-03
85.0 9.3481343e-01 4.8342875e-03
86.0 9.2983498e-01 4.8213976e-03
87.0 9.2705026e-01 4.8141725e-03
88.0 9.3321666e-01 4.8301570e-03
89.0 9.3545357e-01 4.8359425e-03
90.0 9.3209261e-01 4.8272472e-03
91.0 9.3549841e-01 4.8360584e-03
92.0 9.3606432e-01 4.8375209e-03
93.0 9.4221179e-01 4.8533797e-03
94.0 9.3736680e-01 4.8408853e-03
95.0 9.3533692e-01 4.8356409e-03
96.0 9.3279168e-01 4.8290571e-03
97.0 9.2368294e-01 4.8054213e-03
98.0 9.2628177e-01 4.8121767e-03
99.0 9.2836588e-01 4.8175873e-03
100.0 9.2881888e-01 4.8187625e-03
101.0 9.2775383e-01 4.8159990e-03
102.0 9.1928828e-01 4.7939761e-03
103.0 9.1752338e-01 4.7893721e-03
104.0 9.1636184e-01 4.7863396e-03
105.0 9.1236228e-01 4.7758829e-03
106.0 9.1266344e-01 4.7766710e-03
107.0 9.1650044e-01 4.7867015e-03
108.0 9.2944746e-01 4.8203928e-03
109.0 9.3094654e-01 4.8242786e-03
110.0 9.3278694e-01 4.8290448e-03
111.0 9.3252758e-01 4.8283734e-03
112.0 9.2054162e-01 4.7972430e-03
113.0 9.2135989e-01 4.7993747e-03
114.0 9.2243089e-01 4.8021633e-03
115.0 9.3868798e-01 4.8442956e-03
116.0 9.3735715e-01 4.8408603e-03
117.0 9.3919931e-01 4.8456148e-03
118.0 9.3883671e-01 4.8446793e-03
119.0 9.3116564e-01 4.8248462e-03
120.0 9.3859780e-01 4.8440629e-03
121.0 9.4329766e-01 4.8561756e-03
122.0 9.4777068e-01 4.8676758e-03
123.0 9.4138134e-01 4.8512404e-03
124.0 9.4994028e-01 4.8732440e-03
125.0 9.4028184e-01 4.8484066e-03
126.0 9.4377079e-01 4.8573933e-03
127.0 9.5710707e-01 4.8915925e-03
128.0 9.4965771e-01 4.8725192e-03
129.0 9.4530351e-01 4.8613360e-03
130.0 9.4540183e-01 4.8615888e-03
131.0 9.4167047e-01 4.8519854e-03
132.0 9.3154373e-01 4.8258257e-03
133.0 9.3223071e-01 4.8276048e-03
134.0 9.2568791e-01 4.8106339e-03
135.0 9.2924929e-01 4.8198789e-03
136.0 9.2370375e-01 4.8054754e-03
137.0 9.3425159e-01 4.8328346e-03
138.0 9.2939977e-01 4.8202691e-03
139.0 9.2773001e-01 4.8159371e-03
140.0 9.3325916e-01 4.8302670e-03
141.0 9.2561244e-01 4.8104377e-03
142.0 9.2762055e-01 4.8156530e-03
143.0 9.3639269e-01 4.8383693e-03
144.0 9.2621270e-01 4.8119973e-03
145.0 9.2785041e-01 4.8162496e-03
146.0 9.2999639e-01 4.8218161e-03
147.0 9.3522896e-01 4.8353618e-03
148.0 9.2742290e-01 4.8151400e-03
149.0 9.1953398e-01 4.7946168e-03
150.0 9.2378837e-01 4.8056955e-03
151.0 9.2632018e-01 4.8122765e-03
152.0 9.2852484e-01 4.8179997e-03
153.0 9.3098195e-01 4.8243703e-03
154.0 9.2701011e-01 4.8140682e-03
155.0 9.2892243e-01 4.8190311e-03
156.0 9.3114216e-01 4.8247854e-03
157.0 9.2692087e-01 4.8138365e-03
158.0 9.3922409e-01 4.8456787e-03
159.0 9.4215779e-01 4.8532407e-03
160.0 9.3412597e-01 4.8325097e-03
161.0 9.3832550e-01 4.8433602e-03
162.0 9.3208023e-01 4.8272151e-03
163.0 9.3715609e-01 4.8403412e-03
164.0 9.4449345e-01 4.8592527e-03
165.0 9.3881839e-01 4.8446321e-03
166.0 9.4477743e-01 4.8599831e-03
167.0 9.4689364e-01 4.8654230e-03
168.0 9.5140158e-01 4.8769909e-03
169.0 9.6253664e-01 4.9054476e-03
170.0 9.5945310e-01 4.8975839e-03
171.0 9.5333855e-01 4.8819529e-03
172.0 9.4679315e-01 4.8651648e-03
173.0 9.4094227e-01 4.8501090e-03
174.0 9.4020282e-01 4.8482028e-03
175.0 9.4208475e-01 4.8530525e-03
176.0 9.4355213e-01 4.8568306e-03
177.0 9.4840967e-01 4.8693164e-03
178.0 9.4764207e-01 4.8673455e-03
179.0 9.5614036e-01 4.8891215e-03
180.0 9.5340295e-01 4.8821178e-03
181.0 9.6962580e-01 4.9234790e-03
182.0 9.7169479e-01 4.9287290e-03
183.0 9.6422808e-01 4.9097558e-03
184.0 9.5587116e-01 4.8884332e-03
185.0 9.5782379e-01 4.8934236e-03
186.0 9.5520863e-01 4.8867388e-03
187.0 9.5849578e-01 4.8951399e-03
188.0 9.6028715e-01 4.8997121e-03
189.0 9.5848070e-01 4.8951014e-03
190.0 9.5180046e-01 4.8780131e-03
191.0 9.4144630e-01 4.8514078e-03
192.0 9.3820082e-01 4.8430384e-03
193.0 9.4351094e-01 4.8567246e-03
194.0 9.4446271e-01 4.8591736e-03
195.0 9.3604782e-01 4.8374782e-03
196.0 9.3707155e-01 4.8401228e-03
197.0 9.3950156e-01 4.8463945e-03
198.0 9.3377384e-01 4.8315987e-03
199.0 9.3480188e-01 4.8342577e-03
200.0 9.3520464e-01 4.8352990e-03
201.0 9.2809301e-01 4.8168792e-03
202.0 9.3073613e-01 4.8237334e-03
203.0 9.3456151e-01 4.8336361e-03
204.0 9.4151424e-01 4.8515829e-03
205.0 9.4789216e-01 4.8679877e-03
206.0 9.3858157e-01 4.8440210e-03
207.0 9.3243140e-01 4.8281244e-03
208.0 9.3590012e-01 4.8370966e-03
209.0 9.3907350e-01 4.8452903e-03
210.0 9.4212593e-01 4.8531586e-03
211.0 9.6619109e-01 4.9147510e-03
212.0 9.6810293e-01 4.9196111e-03
213.0 9.7341918e-01 4.9331004e-03
214.0 9.7738718e-01 4.9431447e-03
215.0 9.7920534e-01 4.9477403e-03
216.0 9.7477934e-01 4.9365457e-03
217.0 9.7740498e-01 4.9431897e-03
218.0 9.7017820e-01 4.9248813e-03
219.0 9.6671858e-01 4.9160924e-03
220.0 9.6191761e-01 4.9038699e-03
221.0 9.6094112e-01 4.9013802e-03
222.0 9.7431657e-01 4.9353738e-03
223.0 9.6026972e-01 4.8996677e-03
224.0 9.6323146e-01 4.9072178e-03
225.0 9.5146452e-01 4.8771522e-03
226.0 9.4778800e-01 4.8677202e-03
227.0 9.5382663e-01 4.8832024e-03
228.0 9.5325616e-01 4.8817419e-03
229.0 9.4550612e-01 4.8618570e-03
230.0 9.4045426e-01 4.8488511e-03
231.0 9.4451722e-01 4.8593138e-03
232.0 9.3945842e-01 4.8462832e-03
233.0 9.4057346e-01 4.8491584e-03
234.0 9.4052946e-01 4.8490449e-03
235.0 9.3618573e-01 4.8378346e-03
236.0 9.4975771e-01 4.8727757e-03
237.0 9.5307647e-01 4.8812818e-03
238.0 9.3914822e-01 4.8454830e-03
239.0 9.4026655e-01 4.8483671e-03
240.0 9.3579403e-01 4.8368224e-03
241.0 9.4122594e-01 4.8508400e-03
242.0 9.3587595e-01 4.8370341e-03
243.0 9.3512023e-01 4.8350808e-03
244.0 9.3843385e-01 4.8436398e-03
245.0 9.4376850e-01 4.8573874e-03
246.0 9.3575564e-01 4.8367232e-03
247.0 9.3360862e-01 4.8311713e-03
248.0 9.3071024e-01 4.8236663e-03
249.0 9.2682793e-01 4.8135952e-03
250.0 9.3861400e-01 4.8441047e-03
251.0 9.4101117e-01 4.8502865e-03
252.0 9.3269052e-01 4.8287952e-03
253.0 9.3869782e-01 4.8443210e-03
254.0 9.5196907e-01 4.8784451e-03
255.0 9.5755195e-01 4.8927292e-03
256.0 9.4676066e-01 4.8650814e-03
257.0 9.4307682e-01 4.8556072e-03
258.0 9.5072295e-01 4.8752512e-03
259.0 9.4540435e-01 4.8615953e-03
260.0 9.4763939e-01 4.8673386e-03
261.0 9.5205454e-01 4.8786641e-03
262.0 9.4525960e-01 4.8612231e-03
263.0 9.4427121e-01 4.8586809e-03
264.0 9.2335525e-01 4.8045688e-03
265.0 9.1759436e-01 4.7895573e-03
266.0 9.1706769e-01 4.7881826e-03
267.0 9.1015107e-01 4.7700919e-03
268.0 9.2201316e-01 4.8010759e-03
269.0 9.1368211e-01 4.7793360e-03
270.0 9.1211605e-01 4.7752384e-03
271.0 9.1437592e-01 4.7811503e-03
272.0 9.2473544e-01 4.8081583e-03
273.0 9.1635070e-01 4.7863104e-03
274.0 9.2464490e-01 4.8079229e-03
275.0 9.2543391e-01 4.8099738e-03
276.0 9.1977235e-01 4.7952382e-03
277.0 9.2366231e-01 4.8053676e-03
278.0 9.2551423e-01 4.8101825e-03
279.0 9.2231544e-01 4.8018628e-03
280.0 9.2354708e-01 4.8050679e-03
281.0 9.2184962e-01 4.8006500e-03
282.0 9.2333199e-01 4.8045083e-03
283.0 9.2829257e-01 4.8173971e-03
284.0 9.3877880e-01 4.8445299e-03
285.0 9.3078007e-01 4.8238472e-03
286.0 9.4461736e-01 4.8595714e-03
287.0 9.3173848e-01 4.8263301e-03
288.0 9.3094670e-01 4.8242790e-03
289.0 9.3507247e-01 4.8349573e-03
290.0 9.3681735e-01 4.8394663e-03
291.0 9.3290668e-01 4.8293548e-03
292.0 9.3180172e-01 4.8264939e-03
293.0 9.2887596e-01 4.8189106e-03
294.0 9.2546385e-01 4.8100516e-03
295.0 9.3145610e-01 4.8255987e-03
296.0 9.3407626e-01 4.8323811e-03
297.0 9.2974084e-01 4.8211535e-03
298.0 9.3579818e-01 4.8368331e-03
299.0 9.3779049e-01 4.8419792e-03
300.0 9.4283573e-01 4.8549865e-03
301.0 9.4642198e-01 4.8642111e-03
302.0 9.4057740e-01 4.8491685e-03
303.0 9.3677807e-01 4.8393648e-03
304.0 9.4152096e-01 4.8516002e-03
305.0 9.4506558e-01 4.8607242e-03
306.0 9.4439395e-01 4.8589967e-03
307.0 9.4473382e-01 4.8598710e-03
308.0 9.5227641e-01 4.8792326e-03
309.0 9.4759343e-01 4.8672206e-03
310.0 9.5041164e-01 4.8744529e-03
311.0 9.4831846e-01 4.8690822e-03
312.0 9.4628824e-01 4.8638674e-03
313.0 9.5273817e-01 4.8804154e-03
314.0 9.5693234e-01 4.8911460e-03
315.0 9.6095531e-01 4.9014164e-03
316.0 9.6777832e-01 4.9187863e-03
317.0 9.6615245e-01 4.9146527e-03
318.0 9.6871950e-01 4.9211775e-03
319.0 9.6498689e-01 4.9116873e-03
320.0 9.6541876e-01 4.9127863e-03
321.0 9.6298736e-01 4.9065960e-03
322.0 9.6208048e-01 4.9042851e-03
323.0 9.6432120e-01 4.9099929e-03
324.0 9.5767163e-01 4.8930349e-03
325.0 9.6965856e-01 4.9235622e-03
326.0 9.6141537e-01 4.9025896e-03
327.0 9.5230911e-01 4.8793163e-03
328.0 9.5870298e-01 4.8956690e-03
329.0 9.6247874e-01 4.9053001e-03
330.0 9.6496218e-01 4.9116245e-03
331.0 9.6721388e-01 4.9173516e-03
332.0 9.6544772e-01 4.9128600e-03
333.0 9.5814214e-01 4.8942368e-03
334.0 9.5741245e-01 4.8923728e-03
335.0 9.5198309e-01 4.8784811e-03
336.0 9.5717285e-01 4.8917606e-03
337.0 9.5507576e-01 4.8863989e-03
338.0 9.4879272e-01 4.8702996e-03
339.0 9.4603772e-01 4.8632236e-03
340.0 9.4811605e-01 4.8685626e-03
341.0 9.4393349e-01 4.8578120e-03
342.0 9.3821531e-01 4.8430758e-03
343.0 9.3971019e-01 4.8469325e-03
344.0 9.4096358e-01 4.8501639e-03
345.0 9.3753954e-01 4.8413313e-03
346.0 9.3449512e-01 4.8334644e-03
347.0 9.3615193e-01 4.8377473e-03
348.0 9.2691011e-01 4.8138086e-03
349.0 9.1844177e-01 4.7917684e-03
350.0 9.1489976e-01 4.7825197e-03
351.0 9.1483450e-01 4.7823491e-03
352.0 9.1802819e-01 4.7906894e-03
353.0 9.2837150e-01 4.8176019e-03
354.0 9.3422818e-01 4.8327740e-03
355.0 9.3337582e-01 4.8305689e-03
356.0 9.3333950e-01 4.8304749e-03
357.0 9.2722668e-01 4.8146305e-03
358.0 9.2750052e-01 4.8153414e-03
359.0 9.2619494e-01 4.8119511e-03
360.0 9.2875560e-01 4.8185984e-03
361.0 9.2401058e-01 4.8062735e-03
362.0 9.2799191e-01 4.8166169e-03
363.0 9.3815669e-01 4.8429245e-03
364.0 9.3735968e-01 4.8408669e-03
365.0 9.3979189e-01 4.8471432e-03
366.0 9.4399039e-01 4.8579584e-03
367.0 9.4095679e-01 4.8501464e-03
368.0 9.4224115e-01 4.8534554e-03
369.0 9.4191026e-01 4.8526031e-03
370.0 9.4220158e-01 4.8533535e-03
371.0 9.3707568e-01 4.8401335e-03
372.0 9.3705698e-01 4.8400852e-03
373.0 9.4016457e-01 4.8481042e-03
374.0 9.4912197e-01 4.8711446e-03
375.0 9.5451373e-01 4.8849610e-03
376.0 9.6713199e-01 4.9171435e-03
377.0 9.6056284e-01 4.9004154e-03
378.0 9.6480749e-01 4.9112308e-03
379.0 9.6414043e-01 4.9095327e-03
380.0 9.7655858e-01 4.9410490e-03
381.0 9.6913091e-01 4.9222224e-03
382.0 9.6197393e-01 4.9040135e-03
383.0 9.5673853e-01 4.8906506e-03
384.0 9.4214353e-01 4.8532039e-03
385.0 9.3860981e-01 4.8440939e-03
386.0 9.3364384e-01 4.8312624e-03
387.0 9.3470839e-01 4.8340159e-03
388.0 9.3702190e-01 4.8399946e-03
389.0 9.4871643e-01 4.8701038e-03
390.0 9.5403538e-01 4.8837368e-03
391.0 9.4934847e-01 4.8717258e-03
392.0 9.4299947e-01 4.8554080e-03
393.0 9.4577443e-01 4.8625468e-03
394.0 9.3689150e-01 4.8396578e-03
395.0 9.4844539e-01 4.8694081e-03
396.0 9.5515046e-01 4.8865900e-03
397.0 9.5122837e-01 4.8765469e-03
398.0 9.3953248e-01 4.8464742e-03
399.0 9.4793970e-01 4.8681098e-03
400.0 9.4644153e-01 4.8642614e-03
401.0 9.5380245e-01 4.8831405e-03
402.0 9.4266814e-01 4.8545550e-03
403.0 9.3855650e-01 4.8439563e-03
404.0 9.3850823e-01 4.8438318e-03
405.0 9.3866471e-01 4.8442355e-03
406.0 9.3564445e-01 4.8364358e-03
407.0 9.3966138e-01 4.8468066e-03
408.0 9.3265184e-01 4.8286951e-03
409.0 9.3208039e-01 4.8272156e-03
410.0 9.3302128e-01 4.8296514e-03
411.0 9.3652385e-01 4.8387082e-03
412.0 9.4094137e-01 4.8501066e-03
413.0 9.3357065e-01 4.8310730e-03
414.0 9.2401291e-01 4.8062795e-03
415.0 9.3286164e-01 4.8292382e-03
416.0 9.3508883e-01 4.8349996e-03
417.0 9.3048856e-01 4.8230918e-03
418.0 9.4058330e-01 4.8491837e-03
419.0 9.4100300e-01 4.8502655e-03
420.0 9.4826295e-01 4.8689397e-03
421.0 9.4799288e-01 4.8682463e-03
422.0 9.6042917e-01 4.9000744e-03
423.0 9.7012223e-01 4.9247392e-03
424.0 9.6675346e-01 4.9161811e-03
425.0 9.7114737e-01 4.9273405e-03
426.0 9.7327391e-01 4.9327323e-03
427.0 9.7990025e-01 4.9494956e-03
428.0 9.7137220e-01 4.9279108e-03
429.0 9.7370307e-01 4.9338197e-03
430.0 9.7826670e-01 4.9453683e-03
431.0 9.6474375e-01 4.9110685e-03
432.0 9.5571770e-01 4.8880408e-03
433.0 9.4173869e-01 4.8521611e-03
434.0 9.3976852e-01 4.8470830e-03
435.0 9.4409760e-01 4.8582343e-03
436.0 9.5321662e-01 4.8816407e-03
437.0 9.5268241e-01 4.8802726e-03
438.0 9.6209495e-01 4.9043220e-03
439.0 9.5198453e-01 4.8784848e-03
440.0 9.4030113e-01 4.8484563e-03
441.0 9.3971470e-01 4.8469442e-03
442.0 9.4193399e-01 4.8526642e-03
443.0 9.4141564e-01 4.8513288e-03
444.0 9.2804933e-01 4.8167659e-03
445.0 9.2796902e-01 4.8165575e-03
446.0 9.2025310e-01 4.7964912e-03
447.0 9.2535450e-01 4.8097674e-03
448.0 9.2824298e-01 4.8172684e-03
449.0 9.2290020e-01 4.8033848e-03
450.0 9.2034883e-01 4.7967407e-03
451.0 9.1447579e-01 4.7814114e-03
452.0 9.1535395e-01 4.7837066e-03
453.0 9.2260393e-01 4.8026137e-03
454.0 9.1722104e-01 4.7885829e-03
455.0 9.2136446e-01 4.7993866e-03
456.0 9.1895174e-01 4.7930986e-03
457.0 9.1494233e-01 4.7826309e-03
458.0 9.1538490e-01 4.7837875e-03
459.0 9.1003595e-01 4.7697902e-03
460.0 9.0798360e-01 4.7644087e-03
461.0 9.0204249e-01 4.7487959e-03
462.0 9.1640889e-01 4.7864624e-03
463.0 9.1779079e-01 4.7900699e-03
464.0 9.1443618e-01 4.7813078e-03
465.0 9.1694619e-01 4.7878654e-03
466.0 9.1727516e-01 4.7887242e-03
467.0 9.1704074e-01 4.7881122e-03
468.0 9.2203175e-01 4.8011242e-03
469.0 9.2763362e-01 4.8156870e-03
470.0 9.2475024e-01 4.8081968e-03
471.0 9.2178827e-01 4.8004903e-03
472.0 9.2093927e-01 4.7982791e-03
473.0 9.0720609e-01 4.7623684e-03
474.0 8.9923512e-01 4.7414005e-03
475.0 9.0996579e-01 4.7696064e-03
476.0 9.2187359e-01 4.8007124e-03
477.0 9.2120342e-01 4.7989672e-03
478.0 9.2563012e-01 4.8104837e-03
479.0 9.2821723e-01 4.8172016e-03
480.0 9.4813422e-01 4.8686092e-03
481.0 9.5463754e-01 4.8852778e-03
482.0 9.5285588e-01 4.8807169e-03
483.0 9.4582935e-01 4.8626879e-03
484.0 9.3513127e-01 4.8351093e-03
485.0 9.3649508e-01 4.8386338e-03
486.0 9.3160128e-01 4.8259748e-03
487.0 9.2302272e-01 4.8037036e-03
488.0 9.1966619e-01 4.7949614e-03
489.0 9.1378722e-01 4.7796109e-03
490.0 9.2568403e-01 4.8106238e-03
491.0 9.3188324e-01 4.8267050e-03
492.0 9.3209276e-01 4.8272476e-03
493.0 9.4176950e-01 4.8522405e-03
494.0 9.4190305e-01 4.8525845e-03
495.0 9.3627022e-01 4.8380529e-03
496.0 9.4584813e-01 4.8627362e-03
497.0 9.4865566e-01 4.8699478e-03
498.0 9.4146802e-01 4.8514638e-03
499.0 9.3996435e-01 4.8475880e-03
500.0 9.3416244e-01 4.8326040e-03
501.0 9.2572303e-01 4.8107251e-03
502.0 9.3215292e-01 4.8274034e-03
503.0 9.4447190e-01 4.8591972e-03
504.0 9.3516762e-01 4.8352033e-03
505.0 9.3873551e-01 4.8444182e-03
506.0 9.3453848e-01 4.8335765e-03
507.0 9.3163327e-01 4.8260576e-03
508.0 9.2807917e-01 4.8168433e-03
509.0 9.2302196e-01 4.8037016e-03
510.0 9.2419065e-01 4.8067418e-03
511.0 9.1963516e-01 4.7948805e-03
512.0 9.2231047e-01 4.8018499e-03
513.0 9.2282279e-01 4.8031833e-03
514.0 9.2208293e-01 4.8012575e-03
515.0 9.1714247e-01 4.7883778e-03
516.0 9.1463096e-01 4.7818170e-03
517.0 9.2052093e-01 4.7971891e-03
518.0 9.2468180e-01 4.8080188e-03
519.0 9.1917597e-01 4.7936833e-03
520.0 9.2069918e-01 4.7976536e-03
521.0 9.2632947e-01 4.8123006e-03
522.0 9.1638064e-01 4.7863886e-03
523.0 9.2095549e-01 4.7983213e-03
524.0 9.1770786e-01 4.7898535e-03
525.0 9.2231797e-01 4.8018694e-03
526.0 9.1828175e-01 4.7913510e-03
527.0 9.0790634e-01 4.7642060e-03
528.0 8.9930225e-01 4.7415774e-03
529.0 9.0165553e-01 4.7477772e-03
530.0 9.0525357e-01 4.7572407e-03
531.0 9.0129908e-01 4.7468387e-03
532.0 9.0738555e-01 4.7628394e-03
533.0 8.9843097e-01 4.7392800e-03
534.0 9.0024964e-01 4.7440743e-03
535.0 8.9458767e-01 4.7291323e-03
536.0 8.9281067e-01 4.7244330e-03
537.0 8.9569071e-01 4.7320469e-03
538.0 8.9239613e-01 4.7233361e-03
539.0 8.9247771e-01 4.7235520e-03
540.0 9.0128204e-01 4.7467938e-03
541.0 8.9971520e-01 4.7426660e-03
542.0 9.0711134e-01 4.7621197e-03
543.0 9.0162892e-01 4.7477072e-03
544.0 9.0693156e-01 4.7616477e-03
545.0 9.1765728e-01 4.7897215e-03
546.0 9.0308516e-01 4.7515397e-03
547.0 8.9987156e-01 4.7430780e-03
548.0 9.0575105e-01 4.7585477e-03
549.0 9.0613778e-01 4.7595635e-03
550.0 9.1015776e-01 4.7701095e-03
551.0 9.0790878e-01 4.7642124e-03
552.0 9.0997120e-01 4.7696205e-03
553.0 9.1054718e-01 4.7711298e-03
554.0 9.1937558e-01 4.7942038e-03
555.0 9.2199423e-01 4.8010266e-03
556.0 9.2492445e-01 4.8086496e-03
557.0 9.2291671e-01 4.8034277e-03
558.0 9.2067372e-01 4.7975872e-03
559.0 9.1888315e-01 4.7929197e-03
560.0 9.2233198e-01 4.8019058e-03
561.0 9.2051383e-01 4.7971706e-03
562.0 9.2317424e-01 4.8040979e-03
563.0 9.3710500e-01 4.8402092e-03
564.0 9.4256475e-01 4.8542887e-03
565.0 9.4023787e-01 4.8482932e-03
566.0 9.4760630e-01 4.8672536e-03
567.0 9.4444600e-01 4.8591306e-03
568.0 9.3114258e-01 4.8247865e-03
569.0 9.2506496e-01 4.8090149e-03
570.0 9.1387050e-01 4.7798287e-03
571.0 9.1287375e-01 4.7772214e-03
572.0 9.1437296e-01 4.7811426e-03
573.0 9.2620694e-01 4.8119823e-03
574.0 9.2887357e-01 4.8189044e-03
575.0 9.2792762e-01 4.8164500e-03
576.0 9.3363920e-01 4.8312504e-03
577.0 9.1978267e-01 4.7952651e-03
578.0 9.2227978e-01 4.8017700e-03
579.0 9.2800596e-01 4.8166533e-03
580.0 9.1907553e-01 4.7934214e-03
581.0 9.2736137e-01 4.8149802e-03
582.0 9.3011776e-01 4.8221307e-03
583.0 9.2782856e-01 4.8161929e-03
584.0 9.3236435e-01 4.8279508e-03
585.0 9.4691912e-01 4.8654885e-03
586.0 9.4753767e-01 4.8670774e-03
587.0 9.4841691e-01 4.8693350e-03
588.0 9.4486028e-01 4.8601962e-03
589.0 9.3893196e-01 4.8449251e-03
590.0 9.4424025e-01 4.8586013e-03
591.0 9.3842683e-01 4.8436217e-03
592.0 9.3869328e-01 4.8443093e-03
593.0 9.3557810e-01 4.8362643e-03
594.0 9.3865145e-01 4.8442013e-03
595.0 9.4070890e-01 4.8495075e-03
596.0 9.4708759e-01 4.8659213e-03
597.0 9.4315195e-01 4.8558006e-03
598.0 9.4118549e-01 4.8507358e-03
599.0 9.3471816e-01 4.8340412e-03
600.0 9.3204293e-01 4.8271185e-03
601.0 9.3471320e-01 4.8340284e-03
602.0 9.3958952e-01 4.8466213e-03
603.0 9.3360490e-01 4.8311616e-03
604.0 9.3927955e-01 4.8458218e-03
605.0 9.4777067e-01 4.8676757e-03
606.0 9.4974726e-01 4.8727489e-03
607.0 9.6088348e-01 4.9012332e-03
608.0 9.5456838e-01 4.8851008e-03
609.0 9.4573992e-01 4.8624581e-03
610.0 9.3404897e-01 4.8323105e-03
611.0 9.4362921e-01 4.8570290e-03
612.0 9.4741593e-01 4.8667647e-03
613.0 9.4652461e-01 4.8644749e-03
614.0 9.4772190e-01 4.8675505e-03
615.0 9.3995080e-01 4.8475530e-03
616.0 9.5521618e-01 4.8867581e-03
617.0 9.5490332e-01 4.8859578e-03
618.0 9.5468871e-01 4.8854087e-03
619.0 9.5826948e-01 4.8945620e-03
620.0 9.6014290e-01 4.8993441e-03
621.0 9.6022651e-01 4.8995574e-03
622.0 9.5390695e-01 4.8834080e-03
623.0 9.5586121e-01 4.8884078e-03
624.0 9.6673252e-01 4.9161279e-03
625.0 9.7363113e-01 4.9336375e-03
626.0 9.8170586e-01 4.9540536e-03
627.0 9.7587143e-01 4.9393103e-03
628.0 9.6744364e-01 4.9179357e-03
629.0 9.6496301e-01 4.9116266e-03
630.0 9.6365631e-01 4.9082999e-03
631.0 9.6912805e-01 4.9222151e-03
632.0 9.5656150e-01 4.8901981e-03
633.0 9.6520575e-01 4.9122443e-03
634.0 9.6258452e-01 4.9055696e-03
635.0 9.5844958e-01 4.8950219e-03
636.0 9.5078749e-01 4.8754166e-03
637.0 9.3960955e-01 4.8466730e-03
638.0 9.4473047e-01 4.8598624e-03
639.0 9.4461390e-01 4.8595625e-03
640.0 9.3605143e-01 4.8374876e-03
641.0 9.2793411e-01 4.8164668e-03
642.0 9.2634024e-01 4.8123286e-03
643.0 9.3742863e-01 4.8410449e-03
644.0 9.3564984e-01 4.8364498e-03
645.0 9.2640198e-01 4.8124889e-03
646.0 9.2541361e-01 4.8099210e-03
647.0 9.2422067e-01 4.8068199e-03
648.0 9.0792526e-01 4.7642556e-03
649.0 9.0930688e-01 4.7678792e-03
650.0 9.0939511e-01 4.7681105e-03
651.0 9.1532457e-01 4.7836298e-03
652.0 9.2818241e-01 4.8171112e-03
653.0 9.3581008e-01 4.8368639e-03
654.0 9.3416267e-01 4.8326046e-03
655.0 9.2737804e-01 4.8150235e-03
656.0 9.4409930e-01 4.8582386e-03
657.0 9.4407285e-01 4.8581706e-03
658.0 9.4384418e-01 4.8575822e-03
659.0 9.4325713e-01 4.8560713e-03
660.0 9.4422268e-01 4.8585561e-03
661.0 9.4280822e-01 4.8549156e-03
662.0 9.3887853e-01 4.8447872e-03
663.0 9.3527106e-01 4.8354707e-03
664.0 9.3519951e-01 4.8352857e-03
665.0 9.3179204e-01 4.8264688e-03
666.0 9.2761610e-01 4.8156415e-03
667.0 9.2876852e-01 4.8186319e-03
668.0 9.2771112e-01 4.8158881e-03
669.0 9.3774602e-01 4.8418644e-03
670.0 9.2082477e-01 4.7979808e-03
671.0 9.2877162e-01 4.8186399e-03
672.0 9.3717155e-01 4.8403811e-03
673.0 9.2393895e-01 4.8060872e-03
674.0 9.2247199e-01 4.8022703e-03
675.0 9.2109521e-01 4.7986853e-03
676.0 9.1290222e-01 4.7772958e-03
677.0 9.0939253e-01 4.7681038e-03
678.0 9.0392495e-01 4.7537484e-03
679.0 9.1691745e-01 4.7877904e-03
680.0 9.2392054e-01 4.8060393e-03
681.0 9.3265756e-01 4.8287099e-03
682.0 9.3744276e-01 4.8410814e-03
683.0 9.3030326e-01 4.8226115e-03
684.0 9.2733021e-01 4.8148993e-03
685.0 9.3101462e-01 4.8244550e-03
686.0 9.2359336e-01 4.8051883e-03
687.0 9.2881103e-01 4.8187421e-03
688.0 9.2787508e-01 4.8163137e-03
689.0 9.2593945e-01 4.8112874e-03
690.0 9.3102042e-01 4.8244700e-03
691.0 9.3421471e-01 4.8327392e-03
692.0 9.3209982e-01 4.8272659e-03
693.0 9.3962332e-01 4.8467085e-03
694.0 9.3273308e-01 4.8289054e-03
695.0 9.3680598e-01 4.8394369e-03
696.0 9.4069637e-01 4.8494752e-03
697.0 9.3848150e-01 4.8437628e-03
698.0 9.4042085e-01 4.8487649e-03
699.0 9.3230108e-01 4.8277870e-03
700.0 9.3843893e-01 4.8436529e-03
701.0 9.3722436e-01 4.8405174e-03
702.0 9.3387986e-01 4.8318730e-03
703.0 9.4068298e-01 4.8494407e-03
704.0 9.3603659e-01 4.8374492e-03
705.0 9.2715497e-01 4.8144443e-03
706.0 9.1787620e-01 4.7902928e-03
707.0 9.2270417e-01 4.8028746e-03
708.0 9.1554710e-01 4.7842113e-03
709.0 9.2782480e-01 4.8161832e-03
710.0 9.1512750e-01 4.7831149e-03
711.0 9.2720968e-01 4.8145864e-03
712.0 9.2901852e-01 4.8192804e-03
713.0 9.2880678e-01 4.8187311e-03
714.0 9.2590936e-01 4.8112092e-03
715.0 9.2904144e-01 4.8193398e-03
716.0 9.2925527e-01 4.8198944e-03
717.0 9.3663502e-01 4.8389953e-03
718.0 9.3742234e-01 4.8410287e-03
719.0 9.3832160e-01 4.8433501e-03
720.0 9.3599005e-01 4.8373290e-03
721.0 9.3557775e-01 4.8362634e-03
722.0 9.3767305e-01 4.8416760e-03
723.0 9.2692330e-01 4.8138428e-03
724.0 9.1885694e-01 4.7928513e-03
725.0 9.2458696e-01 4.8077723e-03
726.0 9.2637552e-01 4.8124202e-03
727.0 9.2577729e-01 4.8108661e-03
728.0 9.2648040e-01 4.8126926e-03
729.0 9.2936096e-01 4.8201685e-03
730.0 9.2639845e-01 4.8124798e-03
731.0 9.2206891e-01 4.8012210e-03
732.0 9.2414757e-01 4.8066298e-03
733.0 9.1869596e-01 4.7924315e-03
734.0 9.2235733e-01 4.8019718e-03
735.0 9.1236464e-01 4.7758891e-03
736.0 9.2024511e-01 4.7964704e-03
737.0 9.2419349e-01 4.8067492e-03
738.0 9.2657781e-01 4.8129456e-03
739.0 9.3342569e-01 4.8306979e-03
740.0 9.4407519e-01 4.8581766e-03
741.0 9.5013357e-01 4.8737398e-03
742.0 9.3777253e-01 4.8419328e-03
743.0 9.2958295e-01 4.8207441e-03
744.0 9.2609990e-01 4.8117042e-03
745.0 9.2681592e-01 4.8135640e-03
746.0 9.3065143e-01 4.8235139e-03
747.0 9.2652068e-01 4.8127972e-03
748.0 9.2826463e-01 4.8173246e-03
749.0 9.2401214e-01 4.8062775e-03
750.0 9.2087257e-01 4.7981053e-03
751.0 9.1284629e-01 4.7771495e-03
752.0 9.0841198e-01 4.7655325e-03
753.0 9.0142330e-01 4.7471658e-03
754.0 8.9737242e-01 4.7364872e-03
755.0 9.0614968e-01 4.7595947e-03
756.0 9.0193547e-01 4.7485142e-03
757.0 9.2052238e-01 4.7971929e-03
758.0 9.2464864e-01 4.8079326e-03
759.0 9.2648049e-01 4.8126929e-03
760.0 9.2164272e-01 4.8001113e-03
761.0 9.2700607e-01 4.8140577e-03
762.0 9.2390057e-01 4.8059874e-03
763.0 9.2544044e-01 4.8099908e-03
764.0 9.4222235e-01 4.8534070e-03
765.0 9.4130966e-01 4.8510557e-03
766.0 9.4841450e-01 4.8693288e-03
767.0 9.4331735e-01 4.8562263e-03
768.0 9.4279603e-01 4.8548842e-03
769.0 9.5364953e-01 4.8827491e-03
770.0 9.4877404e-01 4.8702517e-03
771.0 9.5950023e-01 4.8977042e-03
772.0 9.6288918e-01 4.9063459e-03
773.0 9.5779634e-01 4.8933535e-03
774.0 9.6068118e-01 4.9007173e-03
775.0 9.6544257e-01 4.9128469e-03
776.0 9.6784348e-01 4.9189519e-03
777.0 9.5611671e-01 4.8890611e-03
778.0 9.5053716e-01 4.8747748e-03
779.0 9.4818691e-01 4.8687445e-03
780.0 9.4711787e-01 4.8659991e-03
781.0 9.5051978e-01 4.8747302e-03
782.0 9.5080746e-01 4.8754679e-03
783.0 9.4162275e-01 4.8518624e-03
784.0 9.4383275e-01 4.8575528e-03
785.0 9.4740294e-01 4.8667313e-03
786.0 9.5027219e-01 4.8740953e-03
787.0 9.5641037e-01 4.8898118e-03
788.0 9.6057655e-01 4.9004504e-03
789.0 9.6226900e-01 4.9047656e-03
790.0 9.6024832e-01 4.8996131e-03
791.0 9.4853586e-01 4.8696403e-03
792.0 9.5053786e-01 4.8747766e-03
793.0 9.5105921e-01 4.8761133e-03
794.0 9.5212847e-01 4.8788535e-03
795.0 9.4321186e-01 4.8559548e-03
796.0 9.3602083e-01 4.8374085e-03
797.0 9.4275869e-01 4.8547881e-03
798.0 9.4235064e-01 4.8537373e-03
799.0 9.4622532e-01 4.8637057e-03
800.0 9.4593715e-01 4.8629651e-03
801.0 9.4558526e-01 4.8620604e-03
802.0 9.5109578e-01 4.8762070e-03
803.0 9.4703154e-01 4.8657773e-03
804.0 9.4708300e-01 4.8659095e-03
805.0 9.4371304e-01 4.8572447e-03
806.0 9.4057827e-01 4.8491708e-03
807.0 9.3839203e-01 4.8435319e-03
808.0 9.3962044e-01 4.8467011e-03
809.0 9.3654685e-01 4.8387676e-03
810.0 9.4467424e-01 4.8597177e-03
811.0 9.3847047e-01 4.8437343e-03
812.0 9.3728444e-01 4.8406726e-03
813.0 9.3452255e-01 4.8335354e-03
814.0 9.4377662e-01 4.8574083e-03
815.0 9.4460668e-01 4.8595439e-03
816.0 9.5064439e-01 4.8750497e-03
817.0 9.4064147e-01 4.8493337e-03
818.0 9.4207453e-01 4.8530262e-03
819.0 9.4747813e-01 4.8669245e-03
820.0 9.4736076e-01 4.8666230e-03
821.0 9.5357871e-01 4.8825678e-03
822.0 9.4940770e-01 4.8718777e-03
823.0 9.5765392e-01 4.8929897e-03
824.0 9.7098576e-01 4.9269305e-03
825.0 9.6691020e-01 4.9165796e-03
826.0 9.6234846e-01 4.9049681e-03
827.0 9.7008179e-01 4.9246365e-03
828.0 9.7830465e-01 4.9454642e-03
829.0 9.7270443e-01 4.9312890e-03
830.0 9.6806757e-01 4.9195213e-03
831.0 9.6461863e-01 4.9107500e-03
832.0 9.5451087e-01 4.8849536e-03
833.0 9.4774192e-01 4.8676019e-03
834.0 9.4076088e-01 4.8496415e-03
835.0 9.3580054e-01 4.8368392e-03
836.0 9.3564042e-01 4.8364254e-03
837.0 9.3718988e-01 4.8404284e-03
838.0 9.4693364e-01 4.8655258e-03
839.0 9.4023477e-01 4.8482852e-03
840.0 9.4617646e-01 4.8635801e-03
841.0 9.4435500e-01 4.8588965e-03
842.0 9.4369282e-01 4.8571927e-03
843.0 9.4753282e-01 4.8670649e-03
844.0 9.3984467e-01 4.8472793e-03
845.0 9.4209041e-01 4.8530671e-03
846.0 9.4300662e-01 4.8554264e-03
847.0 9.4574702e-01 4.8624763e-03
848.0 9.4726886e-01 4.8663869e-03
849.0 9.6206361e-01 4.9042421e-03
850.0 9.5664556e-01 4.8904130e-03
851.0 9.5222051e-01 4.8790894e-03
852.0 9.4748346e-01 4.8669381e-03
853.0 9.4337043e-01 4.8563629e-03
854.0 9.3905310e-01 4.8452376e-03
855.0 9.4640635e-01 4.8641709e-03
856.0 9.5486218e-01 4.8858525e-03
857.0 9.5024873e-01 4.8740351e-03
858.0 9.4423867e-01 4.8585972e-03
859.0 9.4691082e-01 4.8654672e-03
860.0 9.4289340e-01 4.8551349e-03
861.0 9.4657178e-01 4.8645961e-03
862.0 9.4742777e-01 4.8667951e-03
863.0 9.3728086e-01 4.8406634e-03
864.0 9.4700529e-01 4.8657099e-03
865.0 9.5775402e-01 4.8932454e-03
866.0 9.5279074e-01 4.8805500e-03
867.0 9.4947270e-01 4.8720445e-03
868.0 9.5059971e-01 4.8749352e-03
869.0 9.5197153e-01 4.8784514e-03
870.0 9.5532004e-01 4.8870238e-03
871.0 9.6704001e-01 4.9169097e-03
872.0 9.6424562e-01 4.9098005e-03
873.0 9.5773035e-01 4.8931850e-03
874.0 9.4787501e-01 4.8679437e-03
875.0 9.4260711e-01 4.8543978e-03
876.0 9.4220779e-01 4.8533695e-03
877.0 9.5318672e-01 4.8815641e-03
878.0 9.4899653e-01 4.8708227e-03
879.0 9.4985394e-01 4.8730226e-03
880.0 9.4899772e-01 4.8708257e-03
881.0 9.5591745e-01 4.8885516e-03
882.0 9.7073141e-01 4.9262852e-03
883.0 9.6568314e-01 4.9134589e-03
884.0 9.6097190e-01 4.9014587e-03
885.0 9.6615279e-01 4.9146536e-03
886.0 9.6885153e-01 4.9215128e-03
887.0 9.7891854e-01 4.9470157e-03
888.0 9.8017117e-01 4.9501797e-03
889.0 9.7549495e-01 4.9383574e-03
890.0 9.7702364e-01 4.9422253e-03
891.0 9.8190265e-01 4.9545501e-03
892.0 9.8460280e-01 4.9613577e-03
893.0 9.8521136e-01 4.9628907e-03
894.0 9.8917557e-01 4.9728653e-03
895.0 9.9365864e-01 4.9841214e-03
896.0 9.9934049e-01 4.9983510e-03
897.0 1.0000000e+00 5.0000000e-03
898.0 9.9530808e-01 4.9882564e-03
899.0 9.9311773e-01 4.9827646e-03
900.0 9.9757690e-01 4.9939386e-03
901.0 9.8908949e-01 4.9726489e-03
902.0 9.8847047e-01 4.9710926e-03
903.0 9.8300064e-01 4.9573195e-03
904.0 9.8073779e-01 4.9516103e-03
905.0 9.8645569e-01 4.9660238e-03
906.0 9.8482301e-01 4.9619125e-03
907.0 9.8248302e-01 4.9560141e-03
908.0 9.7136728e-01 4.9278984e-03
909.0 9.7405330e-01 4.9347070e-03
910.0 9.7629939e-01 4.9403932e-03
911.0 9.8768236e-01 4.9691105e-03
912.0 9.8298662e-01 4.9572841e-03
913.0 9.8179261e-01 4.9542725e-03
914.0 9.8095039e-01 4.9521470e-03
915.0 9.8845119e-01 4.9710442e-03
916.0 9.8495927e-01 4.9622557e-03
917.0 9.8402836e-01 4.9599102e-03
918.0 9.8534367e-01 4.9632240e-03
919.0 9.8371075e-01 4.9591097e-03
920.0 9.7841373e-01 4.9457399e-03
921.0 9.7726313e-01 4.9428310e-03
922.0 9.8193566e-01 4.9546334e-03
923.0 9.7290114e-01 4.9317876e-03
924.0 9.7178122e-01 4.9289482e-03
925.0 9.6540589e-01 4.9127535e-03
926.0 9.7131142e-01 4.9277567e-03
927.0 9.5982178e-01 4.8985247e-03
928.0 9.5510788e-01 4.8864811e-03
929.0 9.5648594e-01 4.8900050e-03
930.0 9.6537414e-01 4.9126728e-03
931.0 9.6336255e-01 4.9075517e-03
932.0 9.5833818e-01 4.8947374e-03
933.0 9.6907469e-01 4.9220796e-03
934.0 9.5818923e-01 4.8943571e-03
935.0 9.4301142e-01 4.8554388e-03
936.0 9.4567105e-01 4.8622810e-03
937.0 9.4198734e-01 4.8528017e-03
938.0 9.3531858e-01 4.8355935e-03
939.0 9.3979704e-01 4.8471565e-03
940.0 9.4134321e-01 4.8511422e-03
941.0 9.3761386e-01 4.8415232e-03
942.0 9.2935474e-01 4.8201524e-03
943.0 9.3542880e-01 4.8358784e-03
944.0 9.3962832e-01 4.8467214e-03
945.0 9.3881417e-01 4.8446212e-03
946.0 9.5051669e-01 4.8747223e-03
947.0 9.4304073e-01 4.8555142e-03
948.0 9.3302176e-01 4.8296526e-03
949.0 9.2898338e-01 4.8191892e-03
950.0 9.2905037e-01 4.8193630e-03
951.0 9.3107309e-01 4.8246065e-03
952.0 9.2998619e-01 4.8217896e-03
953.0 9.3263590e-01 4.8286538e-03
954.0 9.2496549e-01 4.8087563e-03
955.0 9.3487582e-01 4.8344489e-03
956.0 9.3449914e-01 4.8334748e-03
957.0 9.4175763e-01 4.8522099e-03
958.0 9.4364900e-01 4.8570799e-03
959.0 9.4623345e-01 4.8637266e-03
960.0 9.4930564e-01 4.8716159e-03
961.0 9.5159927e-01 4.8774975e-03
962.0 9.5474895e-01 4.8855628e-03
963.0 9.6233224e-01 4.9049267e-03
964.0 9.6209471e-01 4.9043214e-03
965.0 9.6513784e-01 4.9120715e-03
966.0 9.6315507e-01 4.9070232e-03
967.0 9.7077479e-01 4.9263952e-03
968.0 9.6467224e-01 4.9108865e-03
969.0 9.7456604e-01 4.9360056e-03
970.0 9.7219967e-01 4.9300093e-03
971.0 9.6116710e-01 4.9019565e-03
972.0 9.6073092e-01 4.9008441e-03
973.0 9.5508386e-01 4.8864196e-03
974.0 9.5945506e-01 4.8975889e-03
975.0 9.5397006e-01 4.8835696e-03
976.0 9.5035076e-01 4.8742968e-03
977.0 9.3763793e-01 4.8415853e-03
978.0 9.3488430e-01 4.8344708e-03
979.0 9.1966619e-01 4.7949614e-03
980.0 9.1064316e-01 4.7713813e-03
981.0 9.1698168e-01 4.7879580e-03
982.0 9.2304594e-01 4.8037640e-03
983.0 9.2667671e-01 4.8132025e-03
984.0 9.2119927e-01 4.7989563e-03
985.0 9.2175421e-01 4.8004016e-03
986.0 9.2268181e-01 4.8028164e-03
987.0 9.1610251e-01 4.7856622e-03
988.0 9.2681015e-01 4.8135490e-03
989.0 9.3300653e-01 4.8296132e-03
990.0 9.3189043e-01 4.8267236e-03
991.0 9.3234870e-01 4.8279103e-03
992.0 9.3400920e-01 4.8322076e-03
993.0 9.2129354e-01 4.7992019e-03
994.0 9.2059194e-01 4.7973742e-03
995.0 9.1730632e-01 4.7888055e-03
996.0 9.1213347e-01 4.7752840e-03
997.0 9.1176182e-01 4.7743110e-03
998.0 9.2463386e-01 4.8078942e-03
999.0 9.2931411e-01 4.8200470e-03
1000.0 9.2624817e-01 4.8120894e-03
