1.0 9.3529968e-01 5.1413747e-03
2.0 9.3783135e-01 5.1483284e-03
3.0 9.3699242e-01 5.1460252e-03
4.0 9.4012893e-01 5.1546309e-03
5.0 9.4762382e-01 5.1751370e-03
6.0 9.4580142e-01 5.1701584e-03
7.0 9.4397955e-01 5.1651764e-03
8.0 9.5161947e-01 5.1860360e-03
9.0 9.5466145e-01 5.1943183e-03
10.0 9.5130699e-01 5.1851845e-03
11.0 9.5340688e-01 5.1909041e-03
12.0 9.5054550e-01 5.1831088e-03
13.0 9.4807748e-01 5.1763756e-03
14.0 9.4934443e-01 5.1798331e-03
15.0 9.3933317e-01 5.1524489e-03
16.0 9.3095233e-01 5.1294121e-03
17.0 9.2919806e-01 5.1245769e-03
18.0 9.2501014e-01 5.1130155e-03
19.0 9.2755980e-01 5.1200574e-03
20.0 9.2332512e-01 5.1083564e-03
21.0 9.1661922e-01 5.0897722e-03
22.0 9.2461403e-01 5.1119207e-03
23.0 9.2316045e-01 5.1079009e-03
24.0 9.2271400e-01 5.1066656e-03
25.0 9.1458828e-01 5.0841304e-03
26.0 9.1196576e-01 5.0768360e-03
27.0 9.1295965e-01 5.0796017e-03
28.0 9.0778407e-01 5.0651831e-03
29.0 9.1054036e-01 5.0728669e-03
30.0 9.0855843e-01 5.0673430e-03
61.0 9.2288240e-01 5.1071316e-03
62.0 9.2082018e-01 5.1014223e-03
63.0 9.2068740e-01 5.1010545e-03
64.0 9.1637412e-01 5.0890917e-03
65.0 9.1214997e-01 5.0773487e-03
66.0 9.1807392e-01 5.0938094e-03
67.0 9.2578512e-01 5.1151570e-03
68.0 9.2589911e-01 5.1154719e-03
69.0 9.3186037e-01 5.1319130e-03
70.0 9.3413835e-01 5.1381818e-03
71.0 9.3082923e-01 5.1290729e-03
72.0 9.3223834e-01 5.1329537e-03
73.0 9.3937260e-01 5.1525571e-03
74.0 9.3857655e-01 5.1503734e-03
75.0 9.4667311e-01 5.1725404e-03
76.0 9.3368785e-01 5.1369427e-03
77.0 9.3869780e-01 5.1507061e-03
78.0 9.3955526e-01 5.1530580e-03
79.0 9.3814180e-01 5.1491804e-03
80.0 9.3860471e-01 5.1504507e-03
81.0 9.2897783e-01 5.1239695e-03
82.0 9.2901702e-01 5.1240777e-03
83.0 9.3189741e-01 5.1320150e-03
84.0 9.3959951e-01 5.1531794e-03
85.0 9.3624104e-01 5.1439614e-03
86.0 9.3196246e-01 5.1321941e-03
87.0 9.2964578e-01 5.1258113e-03
88.0 9.3426355e-01 5.1385261e-03
89.0 9.3530956e-01 5.1414019e-03
90.0 9.3172577e-01 5.1315424e-03
121.0 9.3953527e-01 5.1530032e-03
122.0 9.4300168e-01 5.1625004e-03
123.0 9.3871112e-01 5.1507426e-03
124.0 9.4671596e-01 5.1726574e-03
125.0 9.3967099e-01 5.1533753e-03
126.0 9.4258745e-01 5.1613664e-03
127.0 9.5305165e-01 5.1899370e-03
128.0 9.4703794e-01 5.1735369e-03
129.0 9.4406989e-01 5.1654236e-03
130.0 9.4485879e-01 5.1675813e-03
131.0 9.4225288e-01 5.1604503e-03
132.0 9.3424449e-01 5.1384737e-03
133.0 9.3477128e-01 5.1399222e-03
134.0 9.2954651e-01 5.1255377e-03
135.0 9.3288824e-01 5.1347426e-03
136.0 9.2898048e-01 5.1239769e-03
137.0 9.3724080e-01 5.1467072e-03
138.0 9.3279976e-01 5.1344991e-03
139.0 9.3084403e-01 5.1291137e-03
140.0 9.3440506e-01 5.1389153e-03
141.0 9.2733139e-01 5.1194269e-03
142.0 9.2821635e-01 5.1218691e-03
143.0 9.3479574e-01 5.1399895e-03
144.0 9.2649958e-01 5.1171303e-03
145.0 9.2796388e-01 5.1211725e-03
146.0 9.2995435e-01 5.1266620e-03
147.0 9.3417392e-01 5.1382796e-03
148.0 9.2788131e-01 5.1209446e-03
149.0 9.2150241e-01 5.1033118e-03
150.0 9.2480618e-01 5.1124518e-03
181.0 9.6506202e-01 5.2225364e-03
182.0 9.6594779e-01 5.2249326e-03
183.0 9.5972906e-01 5.2080865e-03
184.0 9.5323407e-01 5.1904336e-03
185.0 9.5523049e-01 5.1958662e-03
186.0 9.5367137e-01 5.1916241e-03
187.0 9.5691761e-01 5.2004526e-03
188.0 9.5912491e-01 5.2064470e-03
189.0 9.5872152e-01 5.2053520e-03
190.0 9.5447019e-01 5.1937979e-03
191.0 9.4646564e-01 5.1719735e-03
192.0 9.4318869e-01 5.1630123e-03
193.0 9.4663449e-01 5.1724348e-03
194.0 9.4702261e-01 5.1734951e-03
195.0 9.4028363e-01 5.1550550e-03
196.0 9.4128056e-01 5.1577871e-03
197.0 9.4322383e-01 5.1631085e-03
198.0 9.3807813e-01 5.1490057e-03
199.0 9.3777834e-01 5.1481829e-03
200.0 9.3698229e-01 5.1459974e-03
201.0 9.3082091e-01 5.1290500e-03
202.0 9.3295594e-01 5.1349289e-03
203.0 9.3583539e-01 5.1428469e-03
204.0 9.4097527e-01 5.1569506e-03
205.0 9.4584131e-01 5.1702674e-03
206.0 9.3823005e-01 5.1494226e-03
207.0 9.3304902e-01 5.1351850e-03
208.0 9.3558569e-01 5.1421608e-03
209.0 9.3781530e-01 5.1482843e-03
210.0 9.3999814e-01 5.1542724e-03
241.0 9.4117925e-01 5.1575095e-03
242.0 9.3675904e-01 5.1453843e-03
243.0 9.3616095e-01 5.1437414e-03
244.0 9.3924996e-01 5.1522207e-03
245.0 9.4423492e-01 5.1658750e-03
246.0 9.3785852e-01 5.1484029e-03
247.0 9.3542989e-01 5.1417326e-03
248.0 9.3249763e-01 5.1336675e-03
249.0 9.2916189e-01 5.1244771e-03
250.0 9.3849413e-01 5.1501473e-03
251.0 9.4024206e-01 5.1549411e-03
252.0 9.3360824e-01 5.1367237e-03
253.0 9.3870127e-01 5.1507156e-03
254.0 9.4935277e-01 5.1798559e-03
255.0 9.5333741e-01 5.1907150e-03
256.0 9.4408351e-01 5.1654608e-03
257.0 9.4076131e-01 5.1563643e-03
258.0 9.4709158e-01 5.1736835e-03
259.0 9.4347483e-01 5.1637954e-03
260.0 9.4558612e-01 5.1695699e-03
261.0 9.4931956e-01 5.1797653e-03
262.0 9.4477535e-01 5.1673532e-03
263.0 9.4519531e-01 5.1685015e-03
264.0 9.2886267e-01 5.1236520e-03
265.0 9.2380423e-01 5.1096816e-03
266.0 9.2306137e-01 5.1076268e-03
267.0 9.1757037e-01 5.0924123e-03
268.0 9.2712909e-01 5.1188685e-03
269.0 9.2058692e-01 5.1007762e-03
270.0 9.1926038e-01 5.0970998e-03
301.0 9.4333827e-01 5.1634217e-03
302.0 9.3829568e-01 5.1496027e-03
303.0 9.3522523e-01 5.1411701e-03
304.0 9.3934603e-01 5.1524842e-03
305.0 9.4246323e-01 5.1610263e-03
306.0 9.4216153e-01 5.1602002e-03
307.0 9.4292113e-01 5.1622799e-03
308.0 9.4962534e-01 5.1805994e-03
309.0 9.4646492e-01 5.1719716e-03
310.0 9.4885550e-01 5.1784991e-03
311.0 9.4686724e-01 5.1730707e-03
312.0 9.4508352e-01 5.1681958e-03
313.0 9.5053801e-01 5.1830883e-03
314.0 9.5428655e-01 5.1932983e-03
315.0 9.5779489e-01 5.2028358e-03
316.0 9.6362026e-01 5.2186339e-03
317.0 9.6266438e-01 5.2160449e-03
318.0 9.6481683e-01 5.2218729e-03
319.0 9.6178846e-01 5.2136713e-03
320.0 9.6207895e-01 5.2144586e-03
321.0 9.6035415e-01 5.2097823e-03
322.0 9.6029311e-01 5.2096167e-03
323.0 9.6296362e-01 5.2168555e-03
324.0 9.5851904e-01 5.2048023e-03
325.0 9.6877112e-01 5.2325629e-03
326.0 9.6247359e-01 5.2155280e-03
327.0 9.5518788e-01 5.1957503e-03
328.0 9.6011516e-01 5.2091340e-03
329.0 9.6289466e-01 5.2166687e-03
330.0 9.6466364e-01 5.2214584e-03
361.0 9.2352112e-01 5.1088986e-03
362.0 9.2786865e-01 5.1209097e-03
363.0 9.3683198e-01 5.1455846e-03
364.0 9.3639453e-01 5.1443831e-03
365.0 9.3805847e-01 5.1489517e-03
366.0 9.4097612e-01 5.1569529e-03
367.0 9.3827178e-01 5.1495371e-03
368.0 9.3921342e-01 5.1521205e-03
369.0 9.3891486e-01 5.1513015e-03
370.0 9.3929238e-01 5.1523371e-03
371.0 9.3583397e-01 5.1428430e-03
372.0 9.3667385e-01 5.1451503e-03
373.0 9.3976961e-01 5.1536458e-03
374.0 9.4736759e-01 5.1744373e-03
375.0 9.5194920e-01 5.1869344e-03
376.0 9.6209542e-01 5.2145032e-03
377.0 9.5682747e-01 5.2002076e-03
378.0 9.6015159e-01 5.2092328e-03
379.0 9.5937229e-01 5.2071184e-03
380.0 9.6902925e-01 5.2332600e-03
381.0 9.6320945e-01 5.2175214e-03
382.0 9.5824963e-01 5.2040708e-03
383.0 9.5531743e-01 5.1961026e-03
384.0 9.4500736e-01 5.1679876e-03
385.0 9.4314059e-01 5.1628806e-03
386.0 9.3955353e-01 5.1530532e-03
387.0 9.4074104e-01 5.1563087e-03
388.0 9.4317757e-01 5.1629819e-03
389.0 9.5289381e-01 5.1895072e-03
390.0 9.5663435e-01 5.1996828e-03
421.0 9.4558171e-01 5.1695578e-03
422.0 9.5488653e-01 5.1949306e-03
423.0 9.6219956e-01 5.2147854e-03
424.0 9.5971576e-01 5.2080504e-03
425.0 9.6358432e-01 5.2185365e-03
426.0 9.6570132e-01 5.2242660e-03
427.0 9.7171426e-01 5.2405052e-03
428.0 9.6571759e-01 5.2243100e-03
429.0 9.6845467e-01 5.2317082e-03
430.0 9.7323623e-01 5.2446076e-03
431.0 9.6384386e-01 5.2192393e-03
432.0 9.5775470e-01 5.2027267e-03
433.0 9.4717042e-01 5.1738988e-03
434.0 9.4609800e-01 5.1709689e-03
435.0 9.5008435e-01 5.1818513e-03
436.0 9.5758566e-01 5.2022675e-03
437.0 9.5702906e-01 5.2007554e-03
438.0 9.6441929e-01 5.2207970e-03
439.0 9.5575457e-01 5.1972913e-03
440.0 9.4492318e-01 5.1677574e-03
441.0 9.4252450e-01 5.1611941e-03
442.0 9.4276798e-01 5.1618607e-03
443.0 9.4188950e-01 5.1594552e-03
444.0 9.3174863e-01 5.1316053e-03
445.0 9.3258644e-01 5.1339119e-03
446.0 9.2710058e-01 5.1187898e-03
447.0 9.3119472e-01 5.1300798e-03
448.0 9.3256568e-01 5.1338548e-03
449.0 9.2713858e-01 5.1188947e-03
450.0 9.2453143e-01 5.1116923e-03
481.0 9.4684617e-01 5.1730131e-03
482.0 9.4416453e-01 5.1656825e-03
483.0 9.3815576e-01 5.1492187e-03
484.0 9.3050030e-01 5.1281666e-03
485.0 9.3284114e-01 5.1346130e-03
486.0 9.2982752e-01 5.1263124e-03
487.0 9.2390405e-01 5.1099577e-03
488.0 9.2276738e-01 5.1068133e-03
489.0 9.1993864e-01 5.0989799e-03
490.0 9.3055620e-01 5.1283206e-03
491.0 9.3533445e-01 5.1414703e-03
492.0 9.3446656e-01 5.1390844e-03
493.0 9.4109972e-01 5.1572916e-03
494.0 9.4034719e-01 5.1552292e-03
495.0 9.3489189e-01 5.1402538e-03
496.0 9.4148508e-01 5.1583474e-03
497.0 9.4298582e-01 5.1624570e-03
498.0 9.3731395e-01 5.1469080e-03
499.0 9.3701792e-01 5.1460952e-03
500.0 9.3343394e-01 5.1362441e-03
501.0 9.2759061e-01 5.1201424e-03
502.0 9.3345200e-01 5.1362938e-03
503.0 9.4361491e-01 5.1641787e-03
504.0 9.3642467e-01 5.1444659e-03
505.0 9.3975464e-01 5.1536047e-03
506.0 9.3651718e-01 5.1447200e-03
507.0 9.3369770e-01 5.1369698e-03
508.0 9.3004740e-01 5.1269184e-03
509.0 9.2514232e-01 5.1133808e-03
510.0 9.2573724e-01 5.1150247e-03
541.0 9.0032125e-01 5.0443199e-03
542.0 9.0581170e-01 5.0596774e-03
543.0 9.0091302e-01 5.0459774e-03
544.0 9.0468337e-01 5.0565251e-03
545.0 9.1300221e-01 5.0797201e-03
546.0 9.0126124e-01 5.0469525e-03
547.0 8.9870686e-01 5.0397953e-03
548.0 9.0376434e-01 5.0539561e-03
549.0 9.0470523e-01 5.0565862e-03
550.0 9.0849268e-01 5.0671596e-03
551.0 9.0708068e-01 5.0632203e-03
552.0 9.0908043e-01 5.0687984e-03
553.0 9.1007432e-01 5.0715685e-03
554.0 9.1725988e-01 5.0915506e-03
555.0 9.1875914e-01 5.0957100e-03
556.0 9.2071117e-01 5.1011204e-03
557.0 9.1932374e-01 5.0972755e-03
558.0 9.1793169e-01 5.0934148e-03
559.0 9.1678315e-01 5.0902273e-03
560.0 9.1970774e-01 5.0983399e-03
561.0 9.1854404e-01 5.0951134e-03
562.0 9.2130356e-01 5.1027612e-03
563.0 9.3330789e-01 5.1358974e-03
564.0 9.3836128e-01 5.1497827e-03
565.0 9.3677032e-01 5.1454152e-03
566.0 9.4254575e-01 5.1612523e-03
567.0 9.3977062e-01 5.1536485e-03
568.0 9.2904679e-01 5.1241597e-03
569.0 9.2431391e-01 5.1110910e-03
570.0 9.1575226e-01 5.0873646e-03
601.0 9.3540157e-01 5.1416548e-03
602.0 9.3924823e-01 5.1522160e-03
603.0 9.3475384e-01 5.1398743e-03
604.0 9.3979934e-01 5.1537273e-03
605.0 9.4690425e-01 5.1731718e-03
606.0 9.4827849e-01 5.1769243e-03
607.0 9.5657170e-01 5.1995126e-03
608.0 9.5085551e-01 5.1839539e-03
609.0 9.4351313e-01 5.1639002e-03
610.0 9.3433120e-01 5.1387122e-03
611.0 9.4222204e-01 5.1603659e-03
612.0 9.4551596e-01 5.1693781e-03
613.0 9.4552501e-01 5.1694028e-03
614.0 9.4755194e-01 5.1749407e-03
615.0 9.4234935e-01 5.1607145e-03
616.0 9.5502324e-01 5.1953025e-03
617.0 9.5418085e-01 5.1930107e-03
618.0 9.5279673e-01 5.1892429e-03
619.0 9.5496941e-01 5.1951560e-03
620.0 9.5673439e-01 5.1999547e-03
621.0 9.5729104e-01 5.2014672e-03
622.0 9.5239109e-01 5.1881381e-03
623.0 9.5391134e-01 5.1922772e-03
624.0 9.6290641e-01 5.2167005e-03
625.0 9.6918519e-01 5.2336810e-03
626.0 9.7624227e-01 5.2527009e-03
627.0 9.7193031e-01 5.2410877e-03
628.0 9.6553555e-01 5.2238175e-03
629.0 9.6373535e-01 5.2189455e-03
630.0 9.6254365e-01 5.2157178e-03
661.0 9.3960916e-01 5.1532058e-03
662.0 9.3745962e-01 5.1473079e-03
663.0 9.3486692e-01 5.1401852e-03
664.0 9.3524653e-01 5.1412287e-03
665.0 9.3341012e-01 5.1361786e-03
666.0 9.3068030e-01 5.1286626e-03
667.0 9.3174561e-01 5.1315970e-03
668.0 9.3088517e-01 5.1292270e-03
669.0 9.3880186e-01 5.1509916e-03
670.0 9.2492513e-01 5.1127806e-03
671.0 9.3074985e-01 5.1288542e-03
672.0 9.3695633e-01 5.1459261e-03
673.0 9.2591396e-01 5.1155129e-03
674.0 9.2424565e-01 5.1109022e-03
675.0 9.2276141e-01 5.1067968e-03
676.0 9.1615077e-01 5.0884714e-03
677.0 9.1352247e-01 5.0811672e-03
678.0 9.0908647e-01 5.0688153e-03
679.0 9.1922538e-01 5.0970028e-03
680.0 9.2499614e-01 5.1129768e-03
681.0 9.3201142e-01 5.1323289e-03
682.0 9.3519700e-01 5.1410925e-03
683.0 9.2869484e-01 5.1231891e-03
684.0 9.2550938e-01 5.1143951e-03
685.0 9.2753276e-01 5.1199827e-03
686.0 9.2093631e-01 5.1017440e-03
687.0 9.2531389e-01 5.1138550e-03
688.0 9.2574555e-01 5.1150476e-03
689.0 9.2571163e-01 5.1149539e-03
690.0 9.3095780e-01 5.1294271e-03
721.0 9.3396407e-01 5.1377025e-03
722.0 9.3572526e-01 5.1425443e-03
723.0 9.2713481e-01 5.1188843e-03
724.0 9.2092604e-01 5.1017156e-03
725.0 9.2603361e-01 5.1158434e-03
726.0 9.2808283e-01 5.1215007e-03
727.0 9.2798663e-01 5.1212352e-03
728.0 9.2860283e-01 5.1229353e-03
729.0 9.3078374e-01 5.1289476e-03
730.0 9.2819919e-01 5.1218217e-03
731.0 9.2414449e-01 5.1106225e-03
732.0 9.2479899e-01 5.1124320e-03
733.0 9.1976268e-01 5.0984922e-03
734.0 9.2272572e-01 5.1066981e-03
735.0 9.1498530e-01 5.0852338e-03
736.0 9.2145586e-01 5.1031829e-03
737.0 9.2475651e-01 5.1123145e-03
738.0 9.2666621e-01 5.1175905e-03
739.0 9.3185601e-01 5.1319010e-03
740.0 9.3999659e-01 5.1542681e-03
741.0 9.4452811e-01 5.1666770e-03
742.0 9.3432621e-01 5.1386985e-03
743.0 9.2743961e-01 5.1197256e-03
744.0 9.2453285e-01 5.1116962e-03
745.0 9.2554810e-01 5.1145021e-03
746.0 9.2940078e-01 5.1251359e-03
747.0 9.2707468e-01 5.1187182e-03
748.0 9.2975289e-01 5.1261066e-03
749.0 9.2751691e-01 5.1199390e-03
750.0 9.2516113e-01 5.1134328e-03
781.0 9.5237471e-01 5.1880935e-03
782.0 9.5274223e-01 5.1890944e-03
783.0 9.4569962e-01 5.1698801e-03
784.0 9.4778413e-01 5.1755747e-03
785.0 9.5031253e-01 5.1824735e-03
786.0 9.5159092e-01 5.1859582e-03
787.0 9.5550352e-01 5.1966087e-03
788.0 9.5830515e-01 5.2042216e-03
789.0 9.5956708e-01 5.2076470e-03
790.0 9.5797301e-01 5.2033196e-03
791.0 9.4831329e-01 5.1770193e-03
792.0 9.4949760e-01 5.1802510e-03
793.0 9.4994610e-01 5.1814743e-03
794.0 9.5131868e-01 5.1852163e-03
795.0 9.4495801e-01 5.1678526e-03
796.0 9.4005142e-01 5.1544184e-03
797.0 9.4606150e-01 5.1708692e-03
798.0 9.4579805e-01 5.1701492e-03
799.0 9.4829537e-01 5.1769704e-03
800.0 9.4728545e-01 5.1742130e-03
801.0 9.4665058e-01 5.1724788e-03
802.0 9.5092925e-01 5.1841549e-03
803.0 9.4720028e-01 5.1739803e-03
804.0 9.4639481e-01 5.1717800e-03
805.0 9.4318047e-01 5.1629898e-03
806.0 9.4079397e-01 5.1564538e-03
807.0 9.3941044e-01 5.1526609e-03
808.0 9.4070998e-01 5.1562236e-03
809.0 9.3846689e-01 5.1500725e-03
810.0 9.4519589e-01 5.1685031e-03
841.0 9.4634145e-01 5.1716342e-03
842.0 9.4439541e-01 5.1663140e-03
843.0 9.4630209e-01 5.1715266e-03
844.0 9.3945383e-01 5.1527799e-03
845.0 9.4117706e-01 5.1575035e-03
846.0 9.4236300e-01 5.1607519e-03
847.0 9.4505097e-01 5.1681068e-03
848.0 9.4650459e-01 5.1720799e-03
849.0 9.5849128e-01 5.2047269e-03
850.0 9.5423005e-01 5.1931445e-03
851.0 9.5069884e-01 5.1835268e-03
852.0 9.4677564e-01 5.1728204e-03
853.0 9.4323365e-01 5.1631353e-03
854.0 9.3975854e-01 5.1536154e-03
855.0 9.4593011e-01 5.1705101e-03
856.0 9.5327087e-01 5.1905338e-03
857.0 9.5049648e-01 5.1829751e-03
858.0 9.4646176e-01 5.1719629e-03
859.0 9.4853340e-01 5.1776201e-03
860.0 9.4460850e-01 5.1668969e-03
861.0 9.4670982e-01 5.1726406e-03
862.0 9.4676483e-01 5.1727909e-03
863.0 9.3863137e-01 5.1505238e-03
864.0 9.4705173e-01 5.1735746e-03
865.0 9.5616741e-01 5.1984137e-03
866.0 9.5202218e-01 5.1871332e-03
867.0 9.4892862e-01 5.1786986e-03
868.0 9.4957670e-01 5.1804668e-03
869.0 9.5061398e-01 5.1832955e-03
870.0 9.5330002e-01 5.1906132e-03
901.0 9.8811826e-01 5.2845539e-03
902.0 9.8814227e-01 5.2846181e-03
903.0 9.8445106e-01 5.2747385e-03
904.0 9.8344086e-01 5.2720314e-03
905.0 9.8860427e-01 5.2858533e-03
906.0 9.8736492e-01 5.2825390e-03
907.0 9.8519662e-01 5.2767355e-03
908.0 9.7604866e-01 5.2521800e-03
909.0 9.7789434e-01 5.2571435e-03
910.0 9.7911073e-01 5.2604121e-03
911.0 9.8754309e-01 5.2830156e-03
912.0 9.8325587e-01 5.2715356e-03
913.0 9.8215589e-01 5.2685861e-03
914.0 9.8157436e-01 5.2670261e-03
915.0 9.8735645e-01 5.2825164e-03
916.0 9.8385202e-01 5.2731334e-03
917.0 9.8241498e-01 5.2692809e-03
918.0 9.8346510e-01 5.2720964e-03
919.0 9.8282369e-01 5.2703769e-03
920.0 9.7923729e-01 5.2607521e-03
921.0 9.7843472e-01 5.2585958e-03
922.0 9.8209734e-01 5.2684290e-03
923.0 9.7505614e-01 5.2495089e-03
924.0 9.7444159e-01 5.2478543e-03
925.0 9.6936848e-01 5.2341759e-03
926.0 9.7398862e-01 5.2466345e-03
927.0 9.6463948e-01 5.2213930e-03
928.0 9.6050211e-01 5.2101836e-03
929.0 9.6116818e-01 5.2119898e-03
930.0 9.6804007e-01 5.2305882e-03
961.0 9.4737718e-01 5.1744635e-03
962.0 9.4982929e-01 5.1811557e-03
963.0 9.5599110e-01 5.1979344e-03
964.0 9.5632318e-01 5.1988371e-03
965.0 9.5949546e-01 5.2074526e-03
966.0 9.5866687e-01 5.2052036e-03
967.0 9.6541248e-01 5.2234846e-03
968.0 9.6109018e-01 5.2117783e-03
969.0 9.6956205e-01 5.2346985e-03
970.0 9.6829597e-01 5.2312796e-03
971.0 9.6023660e-01 5.2094634e-03
972.0 9.6062956e-01 5.2105293e-03
973.0 9.5660180e-01 5.1995944e-03
974.0 9.6041005e-01 5.2099339e-03
975.0 9.5634035e-01 5.1988837e-03
976.0 9.5378028e-01 5.1919205e-03
977.0 9.4393600e-01 5.1650573e-03
978.0 9.4194069e-01 5.1595954e-03
979.0 9.2935167e-01 5.1250005e-03
980.0 9.2123762e-01 5.1025786e-03
981.0 9.2555614e-01 5.1145243e-03
982.0 9.2998371e-01 5.1267429e-03
983.0 9.3255162e-01 5.1338161e-03
984.0 9.2747374e-01 5.1198198e-03
985.0 9.2670324e-01 5.1176927e-03
986.0 9.2589212e-01 5.1154526e-03
987.0 9.1889397e-01 5.0960839e-03
988.0 9.2575762e-01 5.1150810e-03
989.0 9.2982780e-01 5.1263131e-03
990.0 9.2919912e-01 5.1245798e-03
1021.0 9.6342252e-01 5.2180984e-03
1022.0 9.6566788e-01 5.2241755e-03
1023.0 9.6225005e-01 5.2149222e-03
1024.0 9.6170050e-01 5.2134329e-03
1025.0 9.7182732e-01 5.2408100e-03
1026.0 9.7890157e-01 5.2598502e-03
1027.0 9.7850642e-01 5.2587885e-03
1028.0 9.7603091e-01 5.2521322e-03
1029.0 9.7426362e-01 5.2473751e-03
1030.0 9.7547811e-01 5.2506447e-03
1031.0 9.6840225e-01 5.2315666e-03
1032.0 9.6551029e-01 5.2237492e-03
1033.0 9.5634984e-01 5.1989095e-03
1034.0 9.5891085e-01 5.2058660e-03
1035.0 9.6244691e-01 5.2154557e-03
1036.0 9.5944473e-01 5.2073150e-03
1037.0 9.6661132e-01 5.2267268e-03
1038.0 9.5901222e-01 5.2061411e-03
1039.0 9.5022966e-01 5.1822476e-03
1040.0 9.5020692e-01 5.1821856e-03
1041.0 9.5395944e-01 5.1924081e-03
1042.0 9.6089352e-01 5.2112451e-03
1043.0 9.5718129e-01 5.2011690e-03
1044.0 9.6185846e-01 5.2138610e-03
1045.0 9.6055881e-01 5.2103374e-03
1046.0 9.5848728e-01 5.2047161e-03
1047.0 9.6117197e-01 5.2120001e-03
1048.0 9.6251371e-01 5.2156367e-03
1049.0 9.5337945e-01 5.1908295e-03
1050.0 9.6082530e-01 5.2110601e-03
1081.0 9.3514660e-01 5.1409540e-03
1082.0 9.3366849e-01 5.1368894e-03
1083.0 9.3193110e-01 5.1321078e-03
1084.0 9.3040647e-01 5.1279080e-03
1085.0 9.4106499e-01 5.1571965e-03
1086.0 9.4221433e-01 5.1603448e-03
1087.0 9.4339554e-01 5.1635784e-03
1088.0 9.4825333e-01 5.1768556e-03
1089.0 9.4952553e-01 5.1803272e-03
1090.0 9.4822029e-01 5.1767654e-03
1091.0 9.4669585e-01 5.1726025e-03
1092.0 9.4582092e-01 5.1702117e-03
1093.0 9.4565618e-01 5.1697614e-03
1094.0 9.4990661e-01 5.1813666e-03
1095.0 9.5043349e-01 5.1828034e-03
1096.0 9.5427945e-01 5.1932790e-03
1097.0 9.5364878e-01 5.1915626e-03
1098.0 9.5340288e-01 5.1908932e-03
1099.0 9.4242217e-01 5.1609139e-03
1100.0 9.4666644e-01 5.1725221e-03
1101.0 9.4786349e-01 5.1757914e-03
1102.0 9.5256716e-01 5.1886176e-03
1103.0 9.3752760e-01 5.1474946e-03
1104.0 9.4851738e-01 5.1775764e-03
1105.0 9.4761846e-01 5.1751224e-03
1106.0 9.5262544e-01 5.1887764e-03
1107.0 9.4611425e-01 5.1710133e-03
1108.0 9.4828711e-01 5.1769479e-03
1109.0 9.4232353e-01 5.1606438e-03
1110.0 9.3927893e-01 5.1523002e-03
1141.0 9.7434327e-01 5.2475896e-03
1142.0 9.7163807e-01 5.2402997e-03
1143.0 9.7773870e-01 5.2567251e-03
1144.0 9.7546210e-01 5.2506016e-03
1145.0 9.7458584e-01 5.2482428e-03
1146.0 9.7234483e-01 5.2422053e-03
1147.0 9.7091762e-01 5.2383566e-03
1148.0 9.6364435e-01 5.2186991e-03
1149.0 9.5516184e-01 5.1956794e-03
1150.0 9.6267549e-01 5.2160750e-03
1151.0 9.5760341e-01 5.2023158e-03
1152.0 9.5210657e-01 5.1873631e-03
1153.0 9.4063208e-01 5.1560101e-03
1154.0 9.3729421e-01 5.1468538e-03
1155.0 9.3045417e-01 5.1280395e-03
1156.0 9.3870869e-01 5.1507359e-03
1157.0 9.4294663e-01 5.1623497e-03
1158.0 9.3864381e-01 5.1505579e-03
1159.0 9.4980129e-01 5.1810794e-03
1160.0 9.5350117e-01 5.1911608e-03
1161.0 9.4954089e-01 5.1803691e-03
1162.0 9.3468757e-01 5.1396921e-03
1163.0 9.4530245e-01 5.1687944e-03
1164.0 9.3751337e-01 5.1474555e-03
1165.0 9.2983145e-01 5.1263232e-03
1166.0 9.3641221e-01 5.1444316e-03
1167.0 9.4969254e-01 5.1807827e-03
1168.0 9.5727836e-01 5.2014327e-03
1169.0 9.5966245e-01 5.2079058e-03
1170.0 9.6112284e-01 5.2118669e-03
1201.0 9.3271303e-01 5.1342603e-03
1202.0 9.3280856e-01 5.1345233e-03
1203.0 9.3021926e-01 5.1273921e-03
1204.0 9.3080688e-01 5.1290113e-03
1205.0 9.3342207e-01 5.1362115e-03
1206.0 9.3367158e-01 5.1368979e-03
1207.0 9.3446144e-01 5.1390703e-03
1208.0 9.3153827e-01 5.1310260e-03
1209.0 9.2929255e-01 5.1248375e-03
1210.0 9.2339829e-01 5.1085588e-03
1211.0 9.3337960e-01 5.1360947e-03
1212.0 9.2746133e-01 5.1197856e-03
1213.0 9.2468163e-01 5.1121075e-03
1214.0 9.2203958e-01 5.1047990e-03
1215.0 9.2753443e-01 5.1199873e-03
1216.0 9.2639084e-01 5.1168300e-03
1217.0 9.3268472e-01 5.1341824e-03
1218.0 9.2885988e-01 5.1236443e-03
1219.0 9.3032570e-01 5.1276854e-03
1220.0 9.2642607e-01 5.1169273e-03
1221.0 9.3750737e-01 5.1474390e-03
1222.0 9.3085086e-01 5.1291325e-03
1223.0 9.3248474e-01 5.1336320e-03
1224.0 9.3618576e-01 5.1438096e-03
1225.0 9.3886233e-01 5.1511574e-03
1226.0 9.3817463e-01 5.1492705e-03
1227.0 9.3754240e-01 5.1475352e-03
1228.0 9.3773133e-01 5.1480538e-03
1229.0 9.3733935e-01 5.1469777e-03
1230.0 9.4269114e-01 5.1616503e-03
1261.0 9.3629804e-01 5.1441180e-03
1262.0 9.3904894e-01 5.1516693e-03
1263.0 9.3895183e-01 5.1514029e-03
1264.0 9.4160168e-01 5.1586668e-03
1265.0 9.3707178e-01 5.1462431e-03
1266.0 9.3835287e-01 5.1497597e-03
1267.0 9.3180416e-01 5.1317582e-03
1268.0 9.3193028e-01 5.1321055e-03
1269.0 9.2769632e-01 5.1204341e-03
1270.0 9.2460858e-01 5.1119056e-03
1271.0 9.3188157e-01 5.1319714e-03
1272.0 9.3798651e-01 5.1487542e-03
1273.0 9.4111226e-01 5.1573260e-03
1274.0 9.3503189e-01 5.1406387e-03
1275.0 9.3294126e-01 5.1348885e-03
1276.0 9.3860220e-01 5.1504438e-03
1277.0 9.3853259e-01 5.1502528e-03
1278.0 9.4966065e-01 5.1806958e-03
1279.0 9.5092455e-01 5.1841421e-03
1280.0 9.5185605e-01 5.1866806e-03
1281.0 9.5041960e-01 5.1827655e-03
1282.0 9.5068436e-01 5.1834873e-03
1283.0 9.4901089e-01 5.1789231e-03
1284.0 9.5209762e-01 5.1873387e-03
1285.0 9.5687393e-01 5.2003339e-03
1286.0 9.5298375e-01 5.1897521e-03
1287.0 9.4673983e-01 5.1727226e-03
1288.0 9.3781018e-01 5.1482703e-03
1289.0 9.4073872e-01 5.1563024e-03
1290.0 9.3505182e-01 5.1406935e-03
1321.0 9.3973767e-01 5.1535582e-03
1322.0 9.4093144e-01 5.1568305e-03
1323.0 9.4444017e-01 5.1664365e-03
1324.0 9.4425655e-01 5.1659342e-03
1325.0 9.4615226e-01 5.1711172e-03
1326.0 9.4504176e-01 5.1680816e-03
1327.0 9.3363758e-01 5.1368044e-03
1328.0 9.2843832e-01 5.1224815e-03
1329.0 9.2781654e-01 5.1207659e-03
1330.0 9.2211815e-01 5.1050165e-03
1331.0 9.2613080e-01 5.1161119e-03
1332.0 9.3487396e-01 5.1402045e-03
1333.0 9.4139137e-01 5.1580907e-03
1334.0 9.4020017e-01 5.1548262e-03
1335.0 9.4703052e-01 5.1735167e-03
1336.0 9.4611242e-01 5.1710083e-03
1337.0 9.4286775e-01 5.1621338e-03
1338.0 9.3877229e-01 5.1509104e-03
1339.0 9.3690779e-01 5.1457927e-03
1340.0 9.3562350e-01 5.1422647e-03
1341.0 9.3780727e-01 5.1482623e-03
1342.0 9.3970702e-01 5.1534741e-03
1343.0 9.4053463e-01 5.1557430e-03
1344.0 9.4334454e-01 5.1634388e-03
1345.0 9.4937091e-01 5.1799054e-03
1346.0 9.5331755e-01 5.1906609e-03
1347.0 9.4448511e-01 5.1665594e-03
1348.0 9.3077160e-01 5.1289141e-03
1349.0 9.3576413e-01 5.1426511e-03
1350.0 9.2891727e-01 5.1238025e-03
1381.0 9.2655977e-01 5.1172966e-03
1382.0 9.3078062e-01 5.1289390e-03
1383.0 9.2806277e-01 5.1214453e-03
1384.0 9.3908136e-01 5.1517583e-03
1385.0 9.3601537e-01 5.1433414e-03
1386.0 9.3999011e-01 5.1542504e-03
1387.0 9.4149916e-01 5.1583860e-03
1388.0 9.4816818e-01 5.1766232e-03
1389.0 9.5611596e-01 5.1982738e-03
1390.0 9.5631325e-01 5.1988101e-03
1391.0 9.5232815e-01 5.1879667e-03
1392.0 9.5453184e-01 5.1939657e-03
1393.0 9.5106391e-01 5.1845219e-03
1394.0 9.6107398e-01 5.2117344e-03
1395.0 9.6112852e-01 5.2118823e-03
1396.0 9.5892201e-01 5.2058963e-03
1397.0 9.6000514e-01 5.2088355e-03
1398.0 9.5297343e-01 5.1897240e-03
1399.0 9.4751572e-01 5.1748418e-03
1400.0 9.5306677e-01 5.1899782e-03
1401.0 9.4885643e-01 5.1785017e-03
1402.0 9.4349341e-01 5.1638462e-03
1403.0 9.4664696e-01 5.1724689e-03
1404.0 9.5264119e-01 5.1888193e-03
1405.0 9.5543166e-01 5.1964132e-03
1406.0 9.5899838e-01 5.2061036e-03
1407.0 9.5326638e-01 5.1905216e-03
1408.0 9.4471768e-01 5.1671954e-03
1409.0 9.5184098e-01 5.1866395e-03
1410.0 9.4910886e-01 5.1791904e-03
1441.0 9.6293662e-01 5.2167823e-03
1442.0 9.6547815e-01 5.2236623e-03
1443.0 9.7039009e-01 5.2369333e-03
1444.0 9.6948036e-01 5.2344779e-03
1445.0 9.6120656e-01 5.2120939e-03
1446.0 9.6211167e-01 5.2145473e-03
1447.0 9.5798983e-01 5.2033653e-03
1448.0 9.5517058e-01 5.1957032e-03
1449.0 9.5820033e-01 5.2039369e-03
1450.0 9.6422606e-01 5.2202740e-03
1451.0 9.6392720e-01 5.2194649e-03
1452.0 9.6473471e-01 5.2216507e-03
1453.0 9.7198236e-01 5.2412281e-03
1454.0 9.7086261e-01 5.2382082e-03
1455.0 9.8182146e-01 5.2676890e-03
1456.0 9.8185005e-01 5.2677657e-03
1457.0 9.7046976e-01 5.2371483e-03
1458.0 9.7298808e-01 5.2439389e-03
1459.0 9.7381533e-01 5.2461677e-03
1460.0 9.7898746e-01 5.2600810e-03
1461.0 9.8104434e-01 5.2656039e-03
1462.0 9.7918547e-01 5.2606129e-03
1463.0 9.7217549e-01 5.2417488e-03
1464.0 9.7064211e-01 5.2376133e-03
1465.0 9.6505740e-01 5.2225239e-03
1466.0 9.6043560e-01 5.2100032e-03
1467.0 9.6248147e-01 5.2155493e-03
1468.0 9.7029538e-01 5.2366777e-03
1469.0 9.7144403e-01 5.2397764e-03
1470.0 9.6408705e-01 5.2198977e-03
1501.0 9.7926897e-01 5.2608372e-03
1502.0 9.8193372e-01 5.2679901e-03
1503.0 9.7730167e-01 5.2555502e-03
1504.0 9.7194537e-01 5.2411283e-03
1505.0 9.7164477e-01 5.2403178e-03
1506.0 9.7120594e-01 5.2391343e-03
1507.0 9.6915695e-01 5.2336048e-03
1508.0 9.7270998e-01 5.2431895e-03
1509.0 9.7683468e-01 5.2542944e-03
1510.0 9.7591186e-01 5.2518119e-03
1511.0 9.8172031e-01 5.2674177e-03
1512.0 9.7327114e-01 5.2447017e-03
1513.0 9.6984729e-01 5.2354684e-03
1514.0 9.6406612e-01 5.2198410e-03
1515.0 9.5302201e-01 5.1898563e-03
1516.0 9.5190878e-01 5.1868243e-03
1517.0 9.5105805e-01 5.1845060e-03
1518.0 9.5887363e-01 5.2057649e-03
1519.0 9.6159013e-01 5.2131337e-03
1520.0 9.5536966e-01 5.1962446e-03
1521.0 9.6365364e-01 5.2187242e-03
1522.0 9.6766788e-01 5.2295826e-03
1523.0 9.6791545e-01 5.2302515e-03
1524.0 9.6404816e-01 5.2197924e-03
1525.0 9.5736556e-01 5.2016697e-03
1526.0 9.5480359e-01 5.1947050e-03
1527.0 9.6014263e-01 5.2092085e-03
1528.0 9.6901492e-01 5.2332213e-03
1529.0 9.7571593e-01 5.2512847e-03
1530.0 9.7226313e-01 5.2419850e-03
1561.0 9.4166938e-01 5.1588523e-03
1562.0 9.4092766e-01 5.1568201e-03
1563.0 9.3634611e-01 5.1442501e-03
1564.0 9.2351771e-01 5.1088892e-03
1565.0 9.2873552e-01 5.1233013e-03
1566.0 9.3326075e-01 5.1357676e-03
1567.0 9.3256320e-01 5.1338480e-03
1568.0 9.3366956e-01 5.1368924e-03
1569.0 9.3693259e-01 5.1458609e-03
1570.0 9.2925113e-01 5.1247232e-03
1571.0 9.2666567e-01 5.1175890e-03
1572.0 9.3026587e-01 5.1275205e-03
1573.0 9.2343682e-01 5.1086654e-03
1574.0 9.2582608e-01 5.1152701e-03
1575.0 9.1991422e-01 5.0989122e-03
1576.0 9.2353005e-01 5.1089233e-03
1577.0 9.2425419e-01 5.1109258e-03
1578.0 9.1650468e-01 5.0894542e-03
1579.0 9.2296570e-01 5.1073621e-03
1580.0 9.1969626e-01 5.0983081e-03
1581.0 9.1629588e-01 5.0888744e-03
1582.0 9.1818386e-01 5.0941144e-03
1583.0 9.2462051e-01 5.1119386e-03
1584.0 9.1977560e-01 5.0985280e-03
1585.0 9.2079664e-01 5.1013571e-03
1586.0 9.2368315e-01 5.1093467e-03
1587.0 9.2756976e-01 5.1200848e-03
1588.0 9.2890522e-01 5.1237693e-03
1589.0 9.2718297e-01 5.1190172e-03
1590.0 9.2331500e-01 5.1083284e-03
1621.0 9.4160284e-01 5.1586700e-03
1622.0 9.4143664e-01 5.1582147e-03
1623.0 9.3407589e-01 5.1380100e-03
1624.0 9.3939955e-01 5.1526310e-03
1625.0 9.3702228e-01 5.1461071e-03
1626.0 9.4799087e-01 5.1761392e-03
1627.0 9.5359646e-01 5.1914202e-03
1628.0 9.5055110e-01 5.1831240e-03
1629.0 9.5644754e-01 5.1991751e-03
1630.0 9.5597523e-01 5.1978912e-03
1631.0 9.5930770e-01 5.2069431e-03
1632.0 9.6027370e-01 5.2095641e-03
1633.0 9.5492069e-01 5.1950235e-03
1634.0 9.5132540e-01 5.1852346e-03
1635.0 9.5687827e-01 5.2003457e-03
1636.0 9.5512427e-01 5.1955773e-03
1637.0 9.5286475e-01 5.1894281e-03
1638.0 9.4796048e-01 5.1760562e-03
1639.0 9.5021460e-01 5.1822065e-03
1640.0 9.6059963e-01 5.2104481e-03
1641.0 9.5412142e-01 5.1928489e-03
1642.0 9.5305890e-01 5.1899567e-03
1643.0 9.5934846e-01 5.2070537e-03
1644.0 9.5776738e-01 5.2027611e-03
1645.0 9.5884927e-01 5.2056988e-03
1646.0 9.5190340e-01 5.1868096e-03
1647.0 9.5325029e-01 5.1904778e-03
1648.0 9.5193850e-01 5.1869052e-03
1649.0 9.5678497e-01 5.2000921e-03
1650.0 9.6213339e-01 5.2146061e-03
1681.0 9.6337266e-01 5.2179633e-03
1682.0 9.6366646e-01 5.2187590e-03
1683.0 9.6176587e-01 5.2136101e-03
1684.0 9.5591990e-01 5.1977408e-03
1685.0 9.5709266e-01 5.2009282e-03
1686.0 9.5093185e-01 5.1841620e-03
1687.0 9.5746221e-01 5.2019322e-03
1688.0 9.5534918e-01 5.1961890e-03
1689.0 9.5627945e-01 5.1987182e-03
1690.0 9.5702663e-01 5.2007488e-03
1691.0 9.5479563e-01 5.1946833e-03
1692.0 9.5671951e-01 5.1999142e-03
1693.0 9.5289332e-01 5.1895059e-03
1694.0 9.5617615e-01 5.1984374e-03
1695.0 9.4827481e-01 5.1769143e-03
1696.0 9.4850555e-01 5.1775441e-03
1697.0 9.5784847e-01 5.2029814e-03
1698.0 9.5192453e-01 5.1868672e-03
1699.0 9.4791176e-01 5.1759232e-03
1700.0 9.5006573e-01 5.1818006e-03
1701.0 9.5050399e-01 5.1829956e-03
1702.0 9.5178916e-01 5.1864983e-03
1703.0 9.5340361e-01 5.1908952e-03
1704.0 9.5557492e-01 5.1968028e-03
1705.0 9.6057510e-01 5.2103816e-03
1706.0 9.6190283e-01 5.2139813e-03
1707.0 9.5927172e-01 5.2068455e-03
1708.0 9.6133202e-01 5.2124340e-03
1709.0 9.6981348e-01 5.2353772e-03
1710.0 9.6782334e-01 5.2300027e-03
1741.0 9.5581948e-01 5.1974678e-03
1742.0 9.5421222e-01 5.1930960e-03
1743.0 9.5241537e-01 5.1882042e-03
1744.0 9.5188594e-01 5.1867620e-03
1745.0 9.5665256e-01 5.1997323e-03
1746.0 9.5000794e-01 5.1816429e-03
1747.0 9.4952958e-01 5.1803382e-03
1748.0 9.5351725e-01 5.1912046e-03
1749.0 9.5591518e-01 5.1977280e-03
1750.0 9.5677944e-01 5.2000771e-03
1751.0 9.6130309e-01 5.2123556e-03
1752.0 9.4658667e-01 5.1723042e-03
1753.0 9.4982525e-01 5.1811447e-03
1754.0 9.4619887e-01 5.1712446e-03
1755.0 9.3666332e-01 5.1451213e-03
1756.0 9.3963818e-01 5.1532854e-03
1757.0 9.4719671e-01 5.1739706e-03
1758.0 9.4678377e-01 5.1728427e-03
1759.0 9.5152513e-01 5.1857789e-03
1760.0 9.5875569e-01 5.2054448e-03
1761.0 9.6343767e-01 5.2181394e-03
1762.0 9.6963878e-01 5.2349056e-03
1763.0 9.7081443e-01 5.2380782e-03
1764.0 9.6878618e-01 5.2326036e-03
1765.0 9.5922929e-01 5.2067303e-03
1766.0 9.5742923e-01 5.2018426e-03
1767.0 9.5309343e-01 5.1900507e-03
1768.0 9.6458550e-01 5.2212469e-03
1769.0 9.6383060e-01 5.2192034e-03
1770.0 9.6485267e-01 5.2219700e-03
1801.0 9.2517574e-01 5.1134732e-03
1802.0 9.3517838e-01 5.1410413e-03
1803.0 9.3517569e-01 5.1410339e-03
1804.0 9.3200176e-01 5.1323024e-03
1805.0 9.2486604e-01 5.1126173e-03
1806.0 9.1605559e-01 5.0882071e-03
1807.0 9.0890295e-01 5.0683036e-03
1808.0 9.1182944e-01 5.0764565e-03
1809.0 9.1645839e-01 5.0893257e-03
1810.0 9.1055770e-01 5.0729152e-03
1811.0 9.1746701e-01 5.0921255e-03
1812.0 9.1636262e-01 5.0890597e-03
1813.0 9.1739336e-01 5.0919211e-03
1814.0 9.2516523e-01 5.1134442e-03
1815.0 9.2868173e-01 5.1231529e-03
1816.0 9.2674812e-01 5.1178166e-03
1817.0 9.2256411e-01 5.1062508e-03
1818.0 9.1227331e-01 5.0776920e-03
1819.0 9.0984501e-01 5.0709295e-03
1820.0 9.1037838e-01 5.0724157e-03
1821.0 9.0714573e-01 5.0634019e-03
1822.0 9.0899928e-01 5.0685722e-03
1823.0 9.1207928e-01 5.0771519e-03
1824.0 9.1299481e-01 5.0796995e-03
1825.0 9.1092143e-01 5.0739283e-03
1826.0 9.1217467e-01 5.0774174e-03
1827.0 9.1438379e-01 5.0835620e-03
1828.0 9.0908381e-01 5.0688078e-03
1829.0 9.1718209e-01 5.0913347e-03
1830.0 9.1731652e-01 5.0917078e-03
1861.0 9.4513631e-01 5.1683402e-03
1862.0 9.4445278e-01 5.1664710e-03
1863.0 9.4867923e-01 5.1780181e-03
1864.0 9.5268089e-01 5.1889274e-03
1865.0 9.4358773e-01 5.1641043e-03
1866.0 9.5041499e-01 5.1827529e-03
1867.0 9.4190113e-01 5.1594870e-03
1868.0 9.4733471e-01 5.1743475e-03
1869.0 9.5276433e-01 5.1891546e-03
1870.0 9.4675089e-01 5.1727528e-03
1871.0 9.4459511e-01 5.1668602e-03
1872.0 9.3921994e-01 5.1521384e-03
1873.0 9.3825539e-01 5.1494921e-03
1874.0 9.3643787e-01 5.1445021e-03
1875.0 9.4033408e-01 5.1551933e-03
1876.0 9.4681612e-01 5.1729310e-03
1877.0 9.5382094e-01 5.1920312e-03
1878.0 9.5046349e-01 5.1828852e-03
1879.0 9.4834067e-01 5.1770940e-03
1880.0 9.3854857e-01 5.1502966e-03
1881.0 9.3370436e-01 5.1369881e-03
1882.0 9.3854543e-01 5.1502880e-03
1883.0 9.4690798e-01 5.1731820e-03
1884.0 9.4104462e-01 5.1571406e-03
1885.0 9.3915268e-01 5.1519539e-03
1886.0 9.3984511e-01 5.1538528e-03
1887.0 9.4115701e-01 5.1574486e-03
1888.0 9.3616441e-01 5.1437509e-03
1889.0 9.3762984e-01 5.1477752e-03
1890.0 9.3489442e-01 5.1402608e-03
1921.0 9.3416070e-01 5.1382433e-03
1922.0 9.2617367e-01 5.1162303e-03
1923.0 9.3164769e-01 5.1313274e-03
1924.0 9.2659283e-01 5.1173878e-03
1925.0 9.2759116e-01 5.1201439e-03
1926.0 9.3767496e-01 5.1478991e-03
1927.0 9.3229047e-01 5.1330972e-03
1928.0 9.1926238e-01 5.0971053e-03
1929.0 9.1823858e-01 5.0942662e-03
1930.0 9.2412649e-01 5.1105728e-03
1931.0 9.3395781e-01 5.1376853e-03
1932.0 9.2752445e-01 5.1199598e-03
1933.0 9.3063359e-01 5.1285339e-03
1934.0 9.2916122e-01 5.1244753e-03
1935.0 9.2952863e-01 5.1254884e-03
1936.0 9.4279340e-01 5.1619303e-03
1937.0 9.3381246e-01 5.1372855e-03
1938.0 9.3516555e-01 5.1410061e-03
1939.0 9.3846914e-01 5.1500787e-03
1940.0 9.4479409e-01 5.1674044e-03
1941.0 9.4512643e-01 5.1683132e-03
1942.0 9.4632063e-01 5.1715773e-03
1943.0 9.4409873e-01 5.1655025e-03
1944.0 9.4579914e-01 5.1701522e-03
1945.0 9.4436961e-01 5.1662435e-03
1946.0 9.4731970e-01 5.1743065e-03
1947.0 9.4529407e-01 5.1687715e-03
1948.0 9.4734042e-01 5.1743631e-03
1949.0 9.4753321e-01 5.1748896e-03
1950.0 9.5317040e-01 5.1902603e-03
1981.0 9.5440856e-01 5.1936303e-03
1982.0 9.4783967e-01 5.1757264e-03
1983.0 9.4011375e-01 5.1545893e-03
1984.0 9.3688906e-01 5.1457413e-03
1985.0 9.4146259e-01 5.1582858e-03
1986.0 9.4646330e-01 5.1719671e-03
1987.0 9.4933956e-01 5.1798199e-03
1988.0 9.5289958e-01 5.1895229e-03
1989.0 9.5487971e-01 5.1949121e-03
1990.0 9.5025701e-01 5.1823222e-03
