1.0 9.3529968e-01 5.1413747e-03
6.0 9.4580142e-01 5.1701584e-03
11.0 9.5340688e-01 5.1909041e-03
16.0 9.3095233e-01 5.1294121e-03
21.0 9.1661922e-01 5.0897722e-03
26.0 9.1196576e-01 5.0768360e-03
31.0 9.0867182e-01 5.0676591e-03
36.0 9.1760792e-01 5.0925165e-03
41.0 9.0279917e-01 5.0512567e-03
46.0 9.0478625e-01 5.0568126e-03
51.0 9.0250532e-01 5.0504346e-03
56.0 9.1304238e-01 5.0798318e-03
61.0 9.2288240e-01 5.1071316e-03
66.0 9.1807392e-01 5.0938094e-03
71.0 9.3082923e-01 5.1290729e-03
76.0 9.3368785e-01 5.1369427e-03
81.0 9.2897783e-01 5.1239695e-03
86.0 9.3196246e-01 5.1321941e-03
91.0 9.3415215e-01 5.1382198e-03
96.0 9.3235435e-01 5.1332731e-03
101.0 9.2969312e-01 5.1259418e-03
106.0 9.1563998e-01 5.0870527e-03
111.0 9.3019542e-01 5.1273264e-03
116.0 9.3396279e-01 5.1376990e-03
121.0 9.3953527e-01 5.1530032e-03
126.0 9.4258745e-01 5.1613664e-03
131.0 9.4225288e-01 5.1604503e-03
136.0 9.2898048e-01 5.1239769e-03
141.0 9.2733139e-01 5.1194269e-03
146.0 9.2995435e-01 5.1266620e-03
151.0 9.2700104e-01 5.1185150e-03
156.0 9.3091991e-01 5.1293227e-03
161.0 9.3631159e-01 5.1441552e-03
166.0 9.4235096e-01 5.1607189e-03
171.0 9.4989714e-01 5.1813408e-03
176.0 9.4458382e-01 5.1668294e-03
181.0 9.6506202e-01 5.2225364e-03
186.0 9.5367137e-01 5.1916241e-03
191.0 9.4646564e-01 5.1719735e-03
196.0 9.4128056e-01 5.1577871e-03
201.0 9.3082091e-01 5.1290500e-03
206.0 9.3823005e-01 5.1494226e-03
211.0 9.5948226e-01 5.2074168e-03
216.0 9.6708991e-01 5.2280206e-03
221.0 9.6243425e-01 5.2154214e-03
226.0 9.5300485e-01 5.1898096e-03
231.0 9.4875302e-01 5.1782194e-03
236.0 9.5008808e-01 5.1818615e-03
241.0 9.4117925e-01 5.1575095e-03
246.0 9.3785852e-01 5.1484029e-03
251.0 9.4024206e-01 5.1549411e-03
256.0 9.4408351e-01 5.1654608e-03
261.0 9.4931956e-01 5.1797653e-03
266.0 9.2306137e-01 5.1076268e-03
271.0 9.2035466e-01 5.1001327e-03
276.0 9.1894437e-01 5.0962236e-03
281.0 9.2138293e-01 5.1029810e-03
286.0 9.4035578e-01 5.1552528e-03
291.0 9.3148815e-01 5.1308880e-03
296.0 9.3418466e-01 5.1383092e-03
301.0 9.4333827e-01 5.1634217e-03
306.0 9.4216153e-01 5.1602002e-03
311.0 9.4686724e-01 5.1730707e-03
316.0 9.6362026e-01 5.2186339e-03
321.0 9.6035415e-01 5.2097823e-03
326.0 9.6247359e-01 5.2155280e-03
331.0 9.6632867e-01 5.2259626e-03
336.0 9.5734487e-01 5.2016134e-03
341.0 9.4773573e-01 5.1754426e-03
346.0 9.3815610e-01 5.1492197e-03
351.0 9.2000198e-01 5.0991554e-03
356.0 9.3299250e-01 5.1350295e-03
361.0 9.2352112e-01 5.1088986e-03
366.0 9.4097612e-01 5.1569529e-03
371.0 9.3583397e-01 5.1428430e-03
376.0 9.6209542e-01 5.2145032e-03
381.0 9.6320945e-01 5.2175214e-03
386.0 9.3955353e-01 5.1530532e-03
391.0 9.5165300e-01 5.1861273e-03
396.0 9.5149407e-01 5.1856943e-03
401.0 9.5209961e-01 5.1873441e-03
406.0 9.3818597e-01 5.1493016e-03
411.0 9.3797237e-01 5.1487154e-03
416.0 9.3529615e-01 5.1413650e-03
421.0 9.4558171e-01 5.1695578e-03
426.0 9.6570132e-01 5.2242660e-03
431.0 9.6384386e-01 5.2192393e-03
436.0 9.5758566e-01 5.2022675e-03
441.0 9.4252450e-01 5.1611941e-03
446.0 9.2710058e-01 5.1187898e-03
451.0 9.1955771e-01 5.0979241e-03
456.0 9.2014497e-01 5.0995517e-03
461.0 9.0516888e-01 5.0578818e-03
466.0 9.1697208e-01 5.0907518e-03
471.0 9.2003815e-01 5.0992556e-03
476.0 9.2138482e-01 5.1029862e-03
481.0 9.4684617e-01 5.1730131e-03
486.0 9.2982752e-01 5.1263124e-03
491.0 9.3533445e-01 5.1414703e-03
496.0 9.4148508e-01 5.1583474e-03
501.0 9.2759061e-01 5.1201424e-03
506.0 9.3651718e-01 5.1447200e-03
511.0 9.2262395e-01 5.1064164e-03
516.0 9.1787895e-01 5.0932685e-03
521.0 9.2544298e-01 5.1142117e-03
526.0 9.1864208e-01 5.0953854e-03
531.0 9.0507356e-01 5.0576155e-03
536.0 8.9587233e-01 5.0318412e-03
541.0 9.0032125e-01 5.0443199e-03
546.0 9.0126124e-01 5.0469525e-03
551.0 9.0708068e-01 5.0632203e-03
556.0 9.2071117e-01 5.1011204e-03
561.0 9.1854404e-01 5.0951134e-03
566.0 9.4254575e-01 5.1612523e-03
571.0 9.1593502e-01 5.0878723e-03
576.0 9.3475209e-01 5.1398694e-03
581.0 9.2563189e-01 5.1147336e-03
586.0 9.4295714e-01 5.1623785e-03
591.0 9.3648437e-01 5.1446298e-03
596.0 9.4690803e-01 5.1731821e-03
601.0 9.3540157e-01 5.1416548e-03
606.0 9.4827849e-01 5.1769243e-03
611.0 9.4222204e-01 5.1603659e-03
616.0 9.5502324e-01 5.1953025e-03
621.0 9.5729104e-01 5.2014672e-03
626.0 9.7624227e-01 5.2527009e-03
631.0 9.6681405e-01 5.2272749e-03
636.0 9.5534107e-01 5.1961669e-03
641.0 9.3485503e-01 5.1401525e-03
646.0 9.2932172e-01 5.1249179e-03
651.0 9.1848343e-01 5.0949453e-03
656.0 9.3904695e-01 5.1516639e-03
661.0 9.3960916e-01 5.1532058e-03
666.0 9.3068030e-01 5.1286626e-03
671.0 9.3074985e-01 5.1288542e-03
676.0 9.1615077e-01 5.0884714e-03
681.0 9.3201142e-01 5.1323289e-03
686.0 9.2093631e-01 5.1017440e-03
691.0 9.3389851e-01 5.1375222e-03
696.0 9.3802678e-01 5.1488648e-03
701.0 9.3669331e-01 5.1452037e-03
706.0 9.2205899e-01 5.1048528e-03
711.0 9.2911496e-01 5.1243477e-03
716.0 9.2749982e-01 5.1198918e-03
721.0 9.3396407e-01 5.1377025e-03
726.0 9.2808283e-01 5.1215007e-03
731.0 9.2414449e-01 5.1106225e-03
736.0 9.2145586e-01 5.1031829e-03
741.0 9.4452811e-01 5.1666770e-03
746.0 9.2940078e-01 5.1251359e-03
751.0 9.1775163e-01 5.0929153e-03
756.0 9.0706271e-01 5.0631701e-03
761.0 9.2306598e-01 5.1076395e-03
766.0 9.4217956e-01 5.1602496e-03
771.0 9.5294382e-01 5.1896434e-03
776.0 9.6330070e-01 5.2177685e-03
781.0 9.5237471e-01 5.1880935e-03
786.0 9.5159092e-01 5.1859582e-03
791.0 9.4831329e-01 5.1770193e-03
796.0 9.4005142e-01 5.1544184e-03
801.0 9.4665058e-01 5.1724788e-03
806.0 9.4079397e-01 5.1564538e-03
811.0 9.4038846e-01 5.1553424e-03
816.0 9.4840810e-01 5.1772781e-03
821.0 9.5044146e-01 5.1828251e-03
826.0 9.5869695e-01 5.2052853e-03
831.0 9.6259300e-01 5.2158515e-03
836.0 9.4264118e-01 5.1615135e-03
841.0 9.4634145e-01 5.1716342e-03
846.0 9.4236300e-01 5.1607519e-03
851.0 9.5069884e-01 5.1835268e-03
856.0 9.5327087e-01 5.1905338e-03
861.0 9.4670982e-01 5.1726406e-03
866.0 9.5202218e-01 5.1871332e-03
871.0 9.6251022e-01 5.2156272e-03
876.0 9.4401313e-01 5.1652683e-03
881.0 9.5689013e-01 5.2003779e-03
886.0 9.6483411e-01 5.2219197e-03
891.0 9.7831211e-01 5.2582663e-03
896.0 9.9466127e-01 5.3020213e-03
901.0 9.8811826e-01 5.2845539e-03
906.0 9.8736492e-01 5.2825390e-03
911.0 9.8754309e-01 5.2830156e-03
916.0 9.8385202e-01 5.2731334e-03
921.0 9.7843472e-01 5.2585958e-03
926.0 9.7398862e-01 5.2466345e-03
931.0 9.6613800e-01 5.2254470e-03
936.0 9.4877543e-01 5.1782806e-03
941.0 9.4257500e-01 5.1613323e-03
946.0 9.4860712e-01 5.1778213e-03
951.0 9.3176169e-01 5.1316413e-03
956.0 9.3565478e-01 5.1423506e-03
961.0 9.4737718e-01 5.1744635e-03
966.0 9.5866687e-01 5.2052036e-03
971.0 9.6023660e-01 5.2094634e-03
976.0 9.5378028e-01 5.1919205e-03
981.0 9.2555614e-01 5.1145243e-03
986.0 9.2589212e-01 5.1154526e-03
991.0 9.3024379e-01 5.1274597e-03
996.0 9.1418830e-01 5.0830186e-03
1001.0 9.3009743e-01 5.1270563e-03
1006.0 9.3957879e-01 5.1531225e-03
1011.0 9.5293675e-01 5.1896241e-03
1016.0 9.7215346e-01 5.2416894e-03
1021.0 9.6342252e-01 5.2180984e-03
1026.0 9.7890157e-01 5.2598502e-03
1031.0 9.6840225e-01 5.2315666e-03
1036.0 9.5944473e-01 5.2073150e-03
1041.0 9.5395944e-01 5.1924081e-03
1046.0 9.5848728e-01 5.2047161e-03
1051.0 9.6754475e-01 5.2292499e-03
1056.0 9.6192694e-01 5.2140466e-03
1061.0 9.6108853e-01 5.2117739e-03
1066.0 9.4115933e-01 5.1574549e-03
1071.0 9.3562763e-01 5.1422760e-03
1076.0 9.3305127e-01 5.1351912e-03
1081.0 9.3514660e-01 5.1409540e-03
1086.0 9.4221433e-01 5.1603448e-03
1091.0 9.4669585e-01 5.1726025e-03
1096.0 9.5427945e-01 5.1932790e-03
1101.0 9.4786349e-01 5.1757914e-03
1106.0 9.5262544e-01 5.1887764e-03
1111.0 9.4869153e-01 5.1780517e-03
1116.0 9.5393215e-01 5.1923339e-03
1121.0 9.6826092e-01 5.2311849e-03
1126.0 9.7907502e-01 5.2603162e-03
1131.0 9.6790280e-01 5.2302174e-03
1136.0 9.7305197e-01 5.2441111e-03
1141.0 9.7434327e-01 5.2475896e-03
1146.0 9.7234483e-01 5.2422053e-03
1151.0 9.5760341e-01 5.2023158e-03
1156.0 9.3870869e-01 5.1507359e-03
1161.0 9.4954089e-01 5.1803691e-03
1166.0 9.3641221e-01 5.1444316e-03
1171.0 9.6363614e-01 5.2186769e-03
1176.0 9.5946653e-01 5.2073741e-03
1181.0 9.3963601e-01 5.1532794e-03
1186.0 9.3610853e-01 5.1435974e-03
1191.0 9.3022941e-01 5.1274201e-03
1196.0 9.1689377e-01 5.0905344e-03
1201.0 9.3271303e-01 5.1342603e-03
1206.0 9.3367158e-01 5.1368979e-03
1211.0 9.3337960e-01 5.1360947e-03
1216.0 9.2639084e-01 5.1168300e-03
1221.0 9.3750737e-01 5.1474390e-03
1226.0 9.3817463e-01 5.1492705e-03
1231.0 9.5373552e-01 5.1917987e-03
1236.0 9.5039781e-01 5.1827061e-03
1241.0 9.7179326e-01 5.2407182e-03
1246.0 9.5330613e-01 5.1906298e-03
1251.0 9.3747610e-01 5.1473532e-03
1256.0 9.3783812e-01 5.1483470e-03
1261.0 9.3629804e-01 5.1441180e-03
1266.0 9.3835287e-01 5.1497597e-03
1271.0 9.3188157e-01 5.1319714e-03
1276.0 9.3860220e-01 5.1504438e-03
1281.0 9.5041960e-01 5.1827655e-03
1286.0 9.5298375e-01 5.1897521e-03
1291.0 9.2432061e-01 5.1111095e-03
1296.0 9.4316843e-01 5.1629568e-03
1301.0 9.4386533e-01 5.1648639e-03
1306.0 9.4517861e-01 5.1684558e-03
1311.0 9.4836467e-01 5.1771595e-03
1316.0 9.5757992e-01 5.2022519e-03
1321.0 9.3973767e-01 5.1535582e-03
1326.0 9.4504176e-01 5.1680816e-03
1331.0 9.2613080e-01 5.1161119e-03
1336.0 9.4611242e-01 5.1710083e-03
1341.0 9.3780727e-01 5.1482623e-03
1346.0 9.5331755e-01 5.1906609e-03
1351.0 9.2848596e-01 5.1226129e-03
1356.0 9.2216454e-01 5.1051449e-03
1361.0 9.0451639e-01 5.0560584e-03
1366.0 9.1414784e-01 5.0829061e-03
1371.0 9.0673562e-01 5.0622572e-03
1376.0 9.1531699e-01 5.0861554e-03
1381.0 9.2655977e-01 5.1172966e-03
1386.0 9.3999011e-01 5.1542504e-03
1391.0 9.5232815e-01 5.1879667e-03
1396.0 9.5892201e-01 5.2058963e-03
1401.0 9.4885643e-01 5.1785017e-03
1406.0 9.5899838e-01 5.2061036e-03
1411.0 9.4702342e-01 5.1734973e-03
1416.0 9.6367771e-01 5.2187894e-03
1421.0 9.7366324e-01 5.2457580e-03
1426.0 9.6436575e-01 5.2206521e-03
1431.0 9.5498998e-01 5.1952120e-03
1436.0 9.5339323e-01 5.1908670e-03
1441.0 9.6293662e-01 5.2167823e-03
1446.0 9.6211167e-01 5.2145473e-03
1451.0 9.6392720e-01 5.2194649e-03
1456.0 9.8185005e-01 5.2677657e-03
1461.0 9.8104434e-01 5.2656039e-03
1466.0 9.6043560e-01 5.2100032e-03
1471.0 9.6462859e-01 5.2213635e-03
1476.0 9.5452651e-01 5.1939512e-03
1481.0 9.4968021e-01 5.1807491e-03
1486.0 9.5480912e-01 5.1947200e-03
1491.0 9.3935696e-01 5.1525142e-03
1496.0 9.5526052e-01 5.1959478e-03
1501.0 9.7926897e-01 5.2608372e-03
1506.0 9.7120594e-01 5.2391343e-03
1511.0 9.8172031e-01 5.2674177e-03
1516.0 9.5190878e-01 5.1868243e-03
1521.0 9.6365364e-01 5.2187242e-03
1526.0 9.5480359e-01 5.1947050e-03
1531.0 9.6582740e-01 5.2246070e-03
1536.0 9.5165048e-01 5.1861205e-03
1541.0 9.2225585e-01 5.1053977e-03
1546.0 9.3330760e-01 5.1358965e-03
1551.0 9.3945472e-01 5.1527823e-03
1556.0 9.3036107e-01 5.1277829e-03
1561.0 9.4166938e-01 5.1588523e-03
1566.0 9.3326075e-01 5.1357676e-03
1571.0 9.2666567e-01 5.1175890e-03
1576.0 9.2353005e-01 5.1089233e-03
1581.0 9.1629588e-01 5.0888744e-03
1586.0 9.2368315e-01 5.1093467e-03
1591.0 9.2477298e-01 5.1123600e-03
1596.0 9.0679989e-01 5.0624366e-03
1601.0 9.1619879e-01 5.0886048e-03
1606.0 9.1404627e-01 5.0826237e-03
1611.0 9.2613293e-01 5.1161177e-03
1616.0 9.2244346e-01 5.1059169e-03
1621.0 9.4160284e-01 5.1586700e-03
1626.0 9.4799087e-01 5.1761392e-03
1631.0 9.5930770e-01 5.2069431e-03
1636.0 9.5512427e-01 5.1955773e-03
1641.0 9.5412142e-01 5.1928489e-03
1646.0 9.5190340e-01 5.1868096e-03
1651.0 9.7425462e-01 5.2473508e-03
1656.0 9.7058348e-01 5.2374551e-03
1661.0 9.7483791e-01 5.2489214e-03
1666.0 9.6539949e-01 5.2234495e-03
1671.0 9.6129136e-01 5.2123238e-03
1676.0 9.5375708e-01 5.1918574e-03
1681.0 9.6337266e-01 5.2179633e-03
1686.0 9.5093185e-01 5.1841620e-03
1691.0 9.5479563e-01 5.1946833e-03
1696.0 9.4850555e-01 5.1775441e-03
1701.0 9.5050399e-01 5.1829956e-03
1706.0 9.6190283e-01 5.2139813e-03
1711.0 9.6170901e-01 5.2134560e-03
1716.0 9.5450091e-01 5.1938815e-03
1721.0 9.5551812e-01 5.1966483e-03
1726.0 9.5238706e-01 5.1881271e-03
1731.0 9.6702268e-01 5.2278389e-03
1736.0 9.6126301e-01 5.2122469e-03
1741.0 9.5581948e-01 5.1974678e-03
1746.0 9.5000794e-01 5.1816429e-03
1751.0 9.6130309e-01 5.2123556e-03
1756.0 9.3963818e-01 5.1532854e-03
1761.0 9.6343767e-01 5.2181394e-03
1766.0 9.5742923e-01 5.2018426e-03
1771.0 9.6756608e-01 5.2293075e-03
1776.0 9.6150584e-01 5.2129052e-03
1781.0 9.4478829e-01 5.1673885e-03
1786.0 9.3320215e-01 5.1356064e-03
1791.0 9.2893690e-01 5.1238567e-03
1796.0 9.2549193e-01 5.1143469e-03
1801.0 9.2517574e-01 5.1134732e-03
1806.0 9.1605559e-01 5.0882071e-03
1811.0 9.1746701e-01 5.0921255e-03
1816.0 9.2674812e-01 5.1178166e-03
1821.0 9.0714573e-01 5.0634019e-03
1826.0 9.1217467e-01 5.0774174e-03
1831.0 9.1828790e-01 5.0944030e-03
1836.0 9.2926813e-01 5.1247701e-03
1841.0 9.2918489e-01 5.1245406e-03
1846.0 9.2281297e-01 5.1069395e-03
1851.0 9.2912098e-01 5.1243643e-03
1856.0 9.3880818e-01 5.1510089e-03
1861.0 9.4513631e-01 5.1683402e-03
1866.0 9.5041499e-01 5.1827529e-03
1871.0 9.4459511e-01 5.1668602e-03
1876.0 9.4681612e-01 5.1729310e-03
1881.0 9.3370436e-01 5.1369881e-03
1886.0 9.3984511e-01 5.1538528e-03
1891.0 9.3559007e-01 5.1421728e-03
1896.0 9.3514194e-01 5.1409412e-03
1901.0 9.4184695e-01 5.1593386e-03
1906.0 9.4843899e-01 5.1773624e-03
1911.0 9.3339544e-01 5.1361382e-03
1916.0 9.4848194e-01 5.1774796e-03
1921.0 9.3416070e-01 5.1382433e-03
1926.0 9.3767496e-01 5.1478991e-03
1931.0 9.3395781e-01 5.1376853e-03
1936.0 9.4279340e-01 5.1619303e-03
1941.0 9.4512643e-01 5.1683132e-03
1946.0 9.4731970e-01 5.1743065e-03
1951.0 9.5233021e-01 5.1879723e-03
1956.0 9.3736625e-01 5.1470516e-03
1961.0 9.5491586e-01 5.1950104e-03
1966.0 9.5904682e-01 5.2062351e-03
1971.0 9.6136740e-01 5.2125299e-03
1976.0 9.5157367e-01 5.1859112e-03
1981.0 9.5440856e-01 5.1936303e-03
1986.0 9.4646330e-01 5.1719671e-03
1991.0 9.5095011e-01 5.1842118e-03
1996.0 9.6609843e-01 5.2253400e-03
2001.0 9.5733099e-01 5.2015757e-03
2006.0 9.3881746e-01 5.1510343e-03
2011.0 9.4182352e-01 5.1592745e-03
2016.0 9.2435487e-01 5.1112042e-03
2021.0 9.1305857e-01 5.0798769e-03
2026.0 9.0351071e-01 5.0532469e-03
2031.0 9.2261645e-01 5.1063957e-03
2036.0 9.3379070e-01 5.1372256e-03
2041.0 9.3882060e-01 5.1510429e-03
2046.0 9.3305480e-01 5.1352009e-03
2051.0 9.3611102e-01 5.1436042e-03
2056.0 9.2461146e-01 5.1119136e-03
2061.0 9.2959148e-01 5.1256616e-03
2066.0 9.3395878e-01 5.1376879e-03
2071.0 9.3494145e-01 5.1403900e-03
2076.0 9.4267351e-01 5.1616021e-03
2081.0 9.4788105e-01 5.1758393e-03
2086.0 9.2907509e-01 5.1242378e-03
2091.0 9.3008351e-01 5.1270179e-03
2096.0 9.3223417e-01 5.1329422e-03
2101.0 9.2921699e-01 5.1246291e-03
2106.0 9.2598865e-01 5.1157192e-03
2111.0 9.3503522e-01 5.1406478e-03
2116.0 9.3228718e-01 5.1330881e-03
2121.0 9.1360624e-01 5.0814001e-03
2126.0 9.3081947e-01 5.1290460e-03
2131.0 9.4057658e-01 5.1558580e-03
2136.0 9.4722809e-01 5.1740563e-03
2141.0 9.3972784e-01 5.1535312e-03
2146.0 9.4223286e-01 5.1603955e-03
2151.0 9.2681868e-01 5.1180115e-03
2156.0 9.3192575e-01 5.1320930e-03
2161.0 9.3460167e-01 5.1394559e-03
2166.0 9.4726183e-01 5.1741485e-03
2171.0 9.3391833e-01 5.1375767e-03
2176.0 9.3610254e-01 5.1435809e-03
2181.0 9.4820378e-01 5.1767204e-03
2186.0 9.3878254e-01 5.1509385e-03
2191.0 9.4036320e-01 5.1552731e-03
2196.0 9.3874664e-01 5.1508400e-03
2201.0 9.3593052e-01 5.1431083e-03
2206.0 9.3572877e-01 5.1425540e-03
2211.0 9.4670943e-01 5.1726396e-03
2216.0 9.4173280e-01 5.1590260e-03
2221.0 9.4922912e-01 5.1795186e-03
2226.0 9.4189806e-01 5.1594786e-03
2231.0 9.4746005e-01 5.1746898e-03
2236.0 9.3639099e-01 5.1443733e-03
2241.0 9.3676315e-01 5.1453955e-03
2246.0 9.4881406e-01 5.1783860e-03
2251.0 9.4100245e-01 5.1570251e-03
2256.0 9.3572719e-01 5.1425496e-03
2261.0 9.2822799e-01 5.1219012e-03
2266.0 9.3734697e-01 5.1469987e-03
2271.0 9.3210758e-01 5.1325937e-03
2276.0 9.2651757e-01 5.1171800e-03
2281.0 9.2763280e-01 5.1202588e-03
2286.0 9.1648611e-01 5.0894026e-03
2291.0 9.2927702e-01 5.1247946e-03
2296.0 9.3484442e-01 5.1401233e-03
2301.0 9.4512836e-01 5.1683184e-03
2306.0 9.5372793e-01 5.1917780e-03
2311.0 9.7274069e-01 5.2432722e-03
2316.0 9.8231987e-01 5.2690259e-03
2321.0 9.6929915e-01 5.2339887e-03
2326.0 9.8047335e-01 5.2640713e-03
2331.0 9.7335294e-01 5.2449220e-03
2336.0 9.6240432e-01 5.2153403e-03
2341.0 9.5853504e-01 5.2048458e-03
2346.0 9.4706336e-01 5.1736064e-03
2351.0 9.4593230e-01 5.1705161e-03
2356.0 9.5265651e-01 5.1888610e-03
2361.0 9.4390238e-01 5.1649653e-03
2366.0 9.2955418e-01 5.1255588e-03
2371.0 9.2610482e-01 5.1160401e-03
2376.0 9.3425585e-01 5.1385049e-03
2381.0 9.3156744e-01 5.1311064e-03
2386.0 9.2979550e-01 5.1262241e-03
2391.0 9.3129551e-01 5.1303574e-03
2396.0 9.1041227e-01 5.0725101e-03
2401.0 9.0362004e-01 5.0535526e-03
2406.0 9.1016089e-01 5.0718097e-03
2411.0 9.1711388e-01 5.0911454e-03
2416.0 9.3014655e-01 5.1271917e-03
2421.0 9.3404918e-01 5.1379366e-03
2426.0 9.3647342e-01 5.1445998e-03
2431.0 9.4652124e-01 5.1721254e-03
2436.0 9.4285369e-01 5.1620953e-03
2441.0 9.3495180e-01 5.1404185e-03
2446.0 9.4324602e-01 5.1631692e-03
2451.0 9.3695802e-01 5.1459307e-03
2456.0 9.3083670e-01 5.1290935e-03
2461.0 9.3972126e-01 5.1535132e-03
2466.0 9.4423100e-01 5.1658643e-03
2471.0 9.4771501e-01 5.1753860e-03
2476.0 9.5265316e-01 5.1888519e-03
2481.0 9.5737699e-01 5.2017007e-03
2486.0 9.6111051e-01 5.2118335e-03
2491.0 9.4918031e-01 5.1793854e-03
2496.0 9.4425227e-01 5.1659225e-03
2501.0 9.4705147e-01 5.1735739e-03
2506.0 9.4156023e-01 5.1585533e-03
2511.0 9.4479753e-01 5.1674138e-03
2516.0 9.4790960e-01 5.1759173e-03
2521.0 9.3298557e-01 5.1350104e-03
2526.0 9.5358350e-01 5.1913849e-03
2531.0 9.5912028e-01 5.2064344e-03
2536.0 9.5212085e-01 5.1874020e-03
2541.0 9.5272460e-01 5.1890464e-03
2546.0 9.5010266e-01 5.1819013e-03
2551.0 9.5534876e-01 5.1961878e-03
2556.0 9.4390761e-01 5.1649796e-03
2561.0 9.4042302e-01 5.1554371e-03
2566.0 9.2825115e-01 5.1219651e-03
2571.0 9.3000633e-01 5.1268052e-03
2576.0 9.3578382e-01 5.1427052e-03
2581.0 9.5322734e-01 5.1904153e-03
2586.0 9.6578781e-01 5.2244999e-03
2591.0 9.5077672e-01 5.1837391e-03
2596.0 9.5740509e-01 5.2017770e-03
2601.0 9.4447804e-01 5.1665400e-03
2606.0 9.2564429e-01 5.1147679e-03
2611.0 9.2535652e-01 5.1139728e-03
2616.0 9.2560884e-01 5.1146699e-03
2621.0 9.3857989e-01 5.1503826e-03
2626.0 9.5478088e-01 5.1946432e-03
2631.0 9.5518138e-01 5.1957326e-03
2636.0 9.6855749e-01 5.2319860e-03
2641.0 9.6869622e-01 5.2323606e-03
2646.0 9.5948409e-01 5.2074218e-03
2651.0 9.5033771e-01 5.1825422e-03
2656.0 9.5127106e-01 5.1850865e-03
2661.0 9.5402063e-01 5.1925747e-03
2666.0 9.4473576e-01 5.1672449e-03
2671.0 9.4177056e-01 5.1591294e-03
2676.0 9.3279436e-01 5.1344842e-03
2681.0 9.2037273e-01 5.1001827e-03
2686.0 9.2763751e-01 5.1202718e-03
2691.0 9.3224722e-01 5.1329781e-03
2696.0 9.3125081e-01 5.1302343e-03
2701.0 9.4715836e-01 5.1738659e-03
2706.0 9.6824647e-01 5.2311458e-03
2711.0 9.7556346e-01 5.2508744e-03
2716.0 9.7275110e-01 5.2433003e-03
2721.0 9.6238422e-01 5.2152858e-03
2726.0 9.7370119e-01 5.2458603e-03
2731.0 9.7126137e-01 5.2392838e-03
2736.0 9.8766791e-01 5.2833495e-03
2741.0 9.8826527e-01 5.2849470e-03
2746.0 9.7262256e-01 5.2429539e-03
2751.0 9.6340190e-01 5.2180426e-03
2756.0 9.6625202e-01 5.2257554e-03
2761.0 9.5432845e-01 5.1934123e-03
2766.0 9.5277299e-01 5.1891782e-03
2771.0 9.5046593e-01 5.1828918e-03
2776.0 9.3419864e-01 5.1383476e-03
2781.0 9.3385808e-01 5.1374110e-03
2786.0 9.2009603e-01 5.0994160e-03
2791.0 9.1372309e-01 5.0817251e-03
2796.0 9.1019499e-01 5.0719047e-03
2801.0 9.0655848e-01 5.0617627e-03
2806.0 9.2128534e-01 5.1027107e-03
2811.0 9.1619251e-01 5.0885874e-03
2816.0 9.3406188e-01 5.1379715e-03
2821.0 9.3368549e-01 5.1369362e-03
2826.0 9.3458713e-01 5.1394159e-03
2831.0 9.5003637e-01 5.1817205e-03
2836.0 9.4224458e-01 5.1604276e-03
2841.0 9.6597503e-01 5.2250063e-03
2846.0 9.5729011e-01 5.2014647e-03
2851.0 9.4145264e-01 5.1582585e-03
2856.0 9.4293063e-01 5.1623059e-03
2861.0 9.3988319e-01 5.1539572e-03
2866.0 9.4040117e-01 5.1553772e-03
2871.0 9.4087140e-01 5.1566660e-03
2876.0 9.2750800e-01 5.1199144e-03
2881.0 9.2041900e-01 5.1003109e-03
2886.0 8.8924321e-01 5.0131898e-03
2891.0 8.9982691e-01 5.0429348e-03
2896.0 9.0294559e-01 5.0516663e-03
2901.0 9.2713763e-01 5.1188921e-03
2906.0 9.2286038e-01 5.1070707e-03
2911.0 9.2882094e-01 5.1235369e-03
2916.0 9.3314031e-01 5.1354362e-03
2921.0 9.5104796e-01 5.1844785e-03
2926.0 9.5067600e-01 5.1834645e-03
2931.0 9.6446096e-01 5.2209098e-03
2936.0 9.6551677e-01 5.2237667e-03
2941.0 9.5527855e-01 5.1959969e-03
2946.0 9.5943074e-01 5.2072770e-03
2951.0 9.2622711e-01 5.1163779e-03
2956.0 9.4198536e-01 5.1597177e-03
2961.0 9.4774482e-01 5.1754674e-03
2966.0 9.4262398e-01 5.1614664e-03
2971.0 9.3253432e-01 5.1337685e-03
2976.0 9.3334539e-01 5.1360005e-03
2981.0 9.3686483e-01 5.1456748e-03
2986.0 9.4253930e-01 5.1612346e-03
2991.0 9.4679822e-01 5.1728821e-03
2996.0 9.4761305e-01 5.1751076e-03
3001.0 9.4529255e-01 5.1687673e-03
3006.0 9.4258827e-01 5.1613687e-03
3011.0 9.3169151e-01 5.1314480e-03
3016.0 9.2381713e-01 5.1097173e-03
3021.0 9.1320559e-01 5.0802858e-03
3026.0 9.1429336e-01 5.0833106e-03
3031.0 9.1748901e-01 5.0921865e-03
3036.0 9.0685126e-01 5.0625800e-03
3041.0 9.0829486e-01 5.0666079e-03
3046.0 9.2011981e-01 5.0994819e-03
3051.0 9.2788110e-01 5.1209441e-03
3056.0 9.2572514e-01 5.1149913e-03
3061.0 9.1696717e-01 5.0907382e-03
3066.0 9.1119700e-01 5.0746957e-03
3071.0 9.3010783e-01 5.1270850e-03
3076.0 9.3846890e-01 5.1500780e-03
3081.0 9.5400591e-01 5.1925346e-03
3086.0 9.4489619e-01 5.1676836e-03
3091.0 9.4416582e-01 5.1656860e-03
3096.0 9.3394220e-01 5.1376423e-03
3101.0 9.4815408e-01 5.1765847e-03
3106.0 9.5702383e-01 5.2007412e-03
3111.0 9.4626175e-01 5.1714164e-03
3116.0 9.3598918e-01 5.1432695e-03
3121.0 9.4438515e-01 5.1662860e-03
3126.0 9.3698131e-01 5.1459946e-03
3131.0 9.3859231e-01 5.1504166e-03
3136.0 9.3757899e-01 5.1476357e-03
3141.0 9.4013898e-01 5.1546585e-03
3146.0 9.3421082e-01 5.1383811e-03
3151.0 9.2619035e-01 5.1162763e-03
3156.0 9.1014099e-01 5.0717543e-03
3161.0 9.1249771e-01 5.0783164e-03
3166.0 9.0147545e-01 5.0475522e-03
3171.0 9.0103068e-01 5.0463069e-03
3176.0 8.9849431e-01 5.0391993e-03
3181.0 9.0292125e-01 5.0515982e-03
3186.0 9.0532170e-01 5.0583087e-03
3191.0 9.3294506e-01 5.1348989e-03
3196.0 9.3501113e-01 5.1405816e-03
3201.0 9.2755601e-01 5.1200469e-03
3206.0 9.3446039e-01 5.1390674e-03
3211.0 9.3891411e-01 5.1512995e-03
3216.0 9.5774002e-01 5.2026868e-03
3221.0 9.5364943e-01 5.1915644e-03
3226.0 9.6488333e-01 5.2220529e-03
3231.0 9.5901614e-01 5.2061518e-03
3236.0 9.4357664e-01 5.1640740e-03
3241.0 9.4766285e-01 5.1752436e-03
3246.0 9.5358491e-01 5.1913887e-03
3251.0 9.4561617e-01 5.1696520e-03
3256.0 9.6000902e-01 5.2088461e-03
3261.0 9.6057490e-01 5.2103810e-03
3266.0 9.6178076e-01 5.2136504e-03
3271.0 9.6478483e-01 5.2217864e-03
3276.0 9.5941199e-01 5.2072261e-03
3281.0 9.6922430e-01 5.2337866e-03
3286.0 9.4710455e-01 5.1737189e-03
3291.0 9.4565442e-01 5.1697566e-03
3296.0 9.3905616e-01 5.1516892e-03
3301.0 9.3753148e-01 5.1475052e-03
3306.0 9.3611053e-01 5.1436029e-03
3311.0 9.5353440e-01 5.1912513e-03
3316.0 9.5140572e-01 5.1854535e-03
3321.0 9.6525648e-01 5.2230626e-03
3326.0 9.5666337e-01 5.1997617e-03
3331.0 9.5341512e-01 5.1909265e-03
3336.0 9.6438276e-01 5.2206982e-03
3341.0 9.5775880e-01 5.2027378e-03
3346.0 9.5281527e-01 5.1892933e-03
3351.0 9.6660744e-01 5.2267164e-03
3356.0 9.5695623e-01 5.2005575e-03
3361.0 9.4194911e-01 5.1596185e-03
3366.0 9.1090013e-01 5.0738690e-03
3371.0 9.2271397e-01 5.1066655e-03
3376.0 9.2457548e-01 5.1118141e-03
3381.0 9.1828478e-01 5.0943943e-03
3386.0 9.4877645e-01 5.1782834e-03
3391.0 9.4696995e-01 5.1733512e-03
3396.0 9.4805883e-01 5.1763247e-03
3401.0 9.5719703e-01 5.2012118e-03
3406.0 9.6049923e-01 5.2101758e-03
3411.0 9.6242600e-01 5.2153990e-03
3416.0 9.5397128e-01 5.1924404e-03
3421.0 9.4712348e-01 5.1737706e-03
3426.0 9.3811353e-01 5.1491028e-03
3431.0 9.5623523e-01 5.1985980e-03
3436.0 9.7329016e-01 5.2447529e-03
3441.0 9.6527497e-01 5.2231126e-03
3446.0 9.7373895e-01 5.2459620e-03
3451.0 9.5125071e-01 5.1850311e-03
3456.0 9.2442075e-01 5.1113863e-03
3461.0 9.3098977e-01 5.1295152e-03
3466.0 9.5217367e-01 5.1875459e-03
3471.0 9.4138190e-01 5.1580647e-03
3476.0 9.3391483e-01 5.1375671e-03
3481.0 9.3629280e-01 5.1441036e-03
3486.0 9.1531305e-01 5.0861445e-03
3491.0 9.1611051e-01 5.0883596e-03
3496.0 9.1947945e-01 5.0977071e-03
3501.0 9.3161700e-01 5.1312428e-03
3506.0 9.3605739e-01 5.1434569e-03
3511.0 9.3387609e-01 5.1374605e-03
3516.0 9.3674882e-01 5.1453562e-03
3521.0 9.3377120e-01 5.1371720e-03
3526.0 9.2745804e-01 5.1197765e-03
3531.0 9.1880235e-01 5.0958298e-03
3536.0 9.4026305e-01 5.1549986e-03
3541.0 9.4549463e-01 5.1693198e-03
3546.0 9.6167335e-01 5.2133593e-03
3551.0 9.6282635e-01 5.2164836e-03
3556.0 9.5582250e-01 5.1974760e-03
3561.0 9.4782090e-01 5.1756751e-03
3566.0 9.4455395e-01 5.1667477e-03
3571.0 9.5381671e-01 5.1920197e-03
3576.0 9.5101943e-01 5.1844007e-03
3581.0 9.3686266e-01 5.1456688e-03
3586.0 9.5499828e-01 5.1952346e-03
3591.0 9.4258991e-01 5.1613732e-03
3596.0 9.5918045e-01 5.2065977e-03
3601.0 9.6080289e-01 5.2109993e-03
3606.0 9.6604163e-01 5.2251864e-03
3611.0 9.4960544e-01 5.1805452e-03
3616.0 9.5385463e-01 5.1921229e-03
3621.0 9.5688381e-01 5.2003607e-03
3626.0 9.5104141e-01 5.1844606e-03
3631.0 9.3433083e-01 5.1387112e-03
3636.0 9.3931138e-01 5.1523892e-03
3641.0 9.4063631e-01 5.1560217e-03
3646.0 9.3013770e-01 5.1271673e-03
3651.0 9.3192927e-01 5.1321027e-03
3656.0 9.3412085e-01 5.1381337e-03
3661.0 9.4093790e-01 5.1568482e-03
3666.0 9.4581501e-01 5.1701955e-03
3671.0 9.4653879e-01 5.1721734e-03
3676.0 9.5227512e-01 5.1878222e-03
3681.0 9.5676950e-01 5.2000501e-03
3686.0 9.5716641e-01 5.2011286e-03
3691.0 9.6678167e-01 5.2271874e-03
3696.0 9.8304524e-01 5.2709709e-03
3701.0 9.7754740e-01 5.2562109e-03
3706.0 9.7362442e-01 5.2456535e-03
3711.0 9.7484982e-01 5.2489535e-03
3716.0 9.5078344e-01 5.1837574e-03
3721.0 9.7009485e-01 5.2361366e-03
3726.0 9.5442631e-01 5.1936786e-03
3731.0 9.4833236e-01 5.1770714e-03
3736.0 9.4001003e-01 5.1543050e-03
3741.0 9.2622390e-01 5.1163690e-03
3746.0 9.2490482e-01 5.1127245e-03
3751.0 9.1638745e-01 5.0891287e-03
3756.0 9.1994982e-01 5.0990108e-03
3761.0 9.2662358e-01 5.1174728e-03
3766.0 9.3134277e-01 5.1304876e-03
3771.0 9.3787760e-01 5.1484553e-03
3776.0 9.2469358e-01 5.1121406e-03
3781.0 9.0826704e-01 5.0665303e-03
3786.0 9.0227871e-01 5.0498005e-03
3791.0 9.0943540e-01 5.0697879e-03
3796.0 9.1548060e-01 5.0866100e-03
3801.0 9.1223494e-01 5.0775852e-03
3806.0 8.9742778e-01 5.0362076e-03
3811.0 9.0464054e-01 5.0564054e-03
3816.0 8.9849722e-01 5.0392074e-03
3821.0 8.9093542e-01 5.0179575e-03
3826.0 8.9650687e-01 5.0336229e-03
3831.0 9.1465882e-01 5.0843265e-03
3836.0 9.1121371e-01 5.0747423e-03
3841.0 9.1937948e-01 5.0974300e-03
3846.0 9.2357394e-01 5.1090447e-03
3851.0 9.2470389e-01 5.1121691e-03
3856.0 9.2917382e-01 5.1245100e-03
3861.0 9.2252539e-01 5.1061437e-03
3866.0 9.1811313e-01 5.0939182e-03
3871.0 9.3319520e-01 5.1355873e-03
3876.0 9.1296986e-01 5.0796301e-03
3881.0 9.2307441e-01 5.1076628e-03
3886.0 9.1450259e-01 5.0838922e-03
3891.0 9.1748122e-01 5.0921649e-03
3896.0 9.1072626e-01 5.0733847e-03
3901.0 9.3587437e-01 5.1429540e-03
3906.0 9.4449510e-01 5.1665867e-03
3911.0 9.4310678e-01 5.1627881e-03
3916.0 9.3301258e-01 5.1350848e-03
3921.0 9.3933707e-01 5.1524596e-03
3926.0 9.3557629e-01 5.1421350e-03
3931.0 9.4002107e-01 5.1543352e-03
3936.0 9.5587572e-01 5.1976207e-03
3941.0 9.4867462e-01 5.1780055e-03
3946.0 9.4096655e-01 5.1569267e-03
3951.0 9.4031077e-01 5.1551294e-03
3956.0 9.4690709e-01 5.1731795e-03
3961.0 9.4739177e-01 5.1745033e-03
3966.0 9.5275097e-01 5.1891182e-03
3971.0 9.6143209e-01 5.2127053e-03
3976.0 9.5531538e-01 5.1960970e-03
3981.0 9.5982909e-01 5.2083579e-03
3986.0 9.7829449e-01 5.2582190e-03
3991.0 9.6931684e-01 5.2340365e-03
3996.0 9.3950799e-01 5.1529284e-03
4001.0 9.3798822e-01 5.1487589e-03
4006.0 9.2542803e-01 5.1141704e-03
4011.0 9.1793129e-01 5.0934137e-03
4016.0 9.1188703e-01 5.0766168e-03
4021.0 9.1218602e-01 5.0774490e-03
4026.0 9.1165822e-01 5.0759799e-03
4031.0 9.2547973e-01 5.1143132e-03
4036.0 9.0133688e-01 5.0471642e-03
4041.0 9.1439229e-01 5.0835857e-03
4046.0 9.1931005e-01 5.0972375e-03
4051.0 9.4015005e-01 5.1546888e-03
4056.0 9.3654137e-01 5.1447864e-03
4061.0 9.5313429e-01 5.1901620e-03
4066.0 9.4686860e-01 5.1730744e-03
4071.0 9.4751637e-01 5.1748436e-03
4076.0 9.3361983e-01 5.1367556e-03
4081.0 9.2181396e-01 5.1041744e-03
4086.0 9.2866504e-01 5.1231068e-03
4091.0 9.3577313e-01 5.1426758e-03
4096.0 9.4644818e-01 5.1719258e-03
4101.0 9.4161683e-01 5.1587083e-03
4106.0 9.4347552e-01 5.1637973e-03
4111.0 9.4699887e-01 5.1734302e-03
4116.0 9.5624786e-01 5.1986324e-03
4121.0 9.3603410e-01 5.1433929e-03
4126.0 9.4183802e-01 5.1593142e-03
4131.0 9.4234615e-01 5.1607057e-03
4136.0 9.5129096e-01 5.1851408e-03
4141.0 9.5460564e-01 5.1941665e-03
4146.0 9.5812798e-01 5.2037405e-03
4151.0 9.4578970e-01 5.1701263e-03
4156.0 9.4905275e-01 5.1790373e-03
4161.0 9.4310711e-01 5.1627890e-03
4166.0 9.3354252e-01 5.1365429e-03
4171.0 9.3672794e-01 5.1452988e-03
4176.0 9.2136086e-01 5.1029198e-03
4181.0 9.3499765e-01 5.1405445e-03
4186.0 9.2461490e-01 5.1119231e-03
4191.0 9.3658021e-01 5.1448931e-03
4196.0 9.2145819e-01 5.1031894e-03
4201.0 9.1147388e-01 5.0754667e-03
4206.0 9.0268781e-01 5.0509452e-03
4211.0 8.8507598e-01 5.0014294e-03
4216.0 8.8742583e-01 5.0080643e-03
4221.0 8.9605592e-01 5.0323568e-03
4226.0 8.9946693e-01 5.0419260e-03
4231.0 9.2075686e-01 5.1012470e-03
4236.0 9.1796577e-01 5.0935094e-03
4241.0 9.3116130e-01 5.1299877e-03
4246.0 9.2911549e-01 5.1243492e-03
4251.0 9.3888530e-01 5.1512205e-03
4256.0 9.4086842e-01 5.1566578e-03
4261.0 9.4626764e-01 5.1714325e-03
4266.0 9.4980694e-01 5.1810948e-03
4271.0 9.4203043e-01 5.1598412e-03
4276.0 9.1813021e-01 5.0939656e-03
4281.0 9.1570201e-01 5.0872250e-03
4286.0 9.2438650e-01 5.1112917e-03
4291.0 9.3868924e-01 5.1506826e-03
4296.0 9.3886865e-01 5.1511748e-03
4301.0 9.2278634e-01 5.1068658e-03
4306.0 9.0997553e-01 5.0712932e-03
4311.0 9.0465439e-01 5.0564441e-03
4316.0 9.0416271e-01 5.0550699e-03
4321.0 9.1503558e-01 5.0853735e-03
4326.0 9.1723787e-01 5.0914895e-03
4331.0 9.3546187e-01 5.1418205e-03
4336.0 9.4122705e-01 5.1576405e-03
4341.0 9.2457690e-01 5.1118180e-03
4346.0 9.4320434e-01 5.1630551e-03
4351.0 9.2584838e-01 5.1153317e-03
4356.0 9.1691204e-01 5.0905851e-03
4361.0 9.2656136e-01 5.1173009e-03
4366.0 9.3031848e-01 5.1276656e-03
4371.0 9.3859368e-01 5.1504204e-03
4376.0 9.3265071e-01 5.1340888e-03
4381.0 9.3174219e-01 5.1315876e-03
4386.0 9.2932798e-01 5.1249351e-03
4391.0 9.2517183e-01 5.1134624e-03
4396.0 9.3596727e-01 5.1432093e-03
4401.0 9.3318580e-01 5.1355614e-03
4406.0 9.3834097e-01 5.1497270e-03
4411.0 9.4836183e-01 5.1771518e-03
4416.0 9.2870890e-01 5.1232278e-03
4421.0 9.1417845e-01 5.0829912e-03
4426.0 9.2407602e-01 5.1104332e-03
4431.0 9.1602154e-01 5.0881125e-03
4436.0 9.0095958e-01 5.0461077e-03
4441.0 9.1442363e-01 5.0836728e-03
4446.0 9.1062326e-01 5.0730978e-03
4451.0 9.2151380e-01 5.1033433e-03
4456.0 9.3314403e-01 5.1354465e-03
4461.0 9.2204365e-01 5.1048103e-03
4466.0 9.4780821e-01 5.1756405e-03
4471.0 9.4851150e-01 5.1775603e-03
4476.0 9.6840229e-01 5.2315667e-03
4481.0 9.6594523e-01 5.2249257e-03
4486.0 9.5865242e-01 5.2051644e-03
4491.0 9.5043940e-01 5.1828195e-03
4496.0 9.4335198e-01 5.1634592e-03
4501.0 9.3460689e-01 5.1394702e-03
4506.0 9.2087319e-01 5.1015692e-03
4511.0 9.2995768e-01 5.1266711e-03
4516.0 9.2249018e-01 5.1060462e-03
4521.0 9.2104599e-01 5.1020478e-03
4526.0 9.4431154e-01 5.1660846e-03
4531.0 9.4185791e-01 5.1593687e-03
4536.0 9.5313785e-01 5.1901717e-03
4541.0 9.5001061e-01 5.1816502e-03
4546.0 9.4309328e-01 5.1627512e-03
4551.0 9.4486229e-01 5.1675909e-03
4556.0 9.5143932e-01 5.1855451e-03
4561.0 9.4757941e-01 5.1750157e-03
4566.0 9.4983747e-01 5.1811780e-03
4571.0 9.4975200e-01 5.1809449e-03
4576.0 9.4176080e-01 5.1591027e-03
4581.0 9.4557199e-01 5.1695313e-03
4586.0 9.4224680e-01 5.1604337e-03
4591.0 9.4836850e-01 5.1771700e-03
4596.0 9.3856260e-01 5.1503351e-03
4601.0 9.5275620e-01 5.1891325e-03
4606.0 9.5917827e-01 5.2065918e-03
4611.0 9.5672438e-01 5.1999275e-03
4616.0 9.5080973e-01 5.1838291e-03
4621.0 9.3772176e-01 5.1480276e-03
4626.0 9.4484374e-01 5.1675402e-03
4631.0 9.4828914e-01 5.1769534e-03
4636.0 9.4221929e-01 5.1603584e-03
4641.0 9.0223784e-01 5.0496861e-03
4646.0 9.2176512e-01 5.1040392e-03
4651.0 9.1177737e-01 5.0763116e-03
4656.0 9.3030711e-01 5.1276342e-03
4661.0 9.3068165e-01 5.1286663e-03
4666.0 9.4017342e-01 5.1547529e-03
4671.0 9.4055611e-01 5.1558019e-03
4676.0 9.3721629e-01 5.1466399e-03
4681.0 9.4763548e-01 5.1751688e-03
4686.0 9.3943432e-01 5.1527263e-03
4691.0 9.2762288e-01 5.1202314e-03
4696.0 9.3654376e-01 5.1447930e-03
4701.0 9.3957284e-01 5.1531062e-03
4706.0 9.4001723e-01 5.1543247e-03
4711.0 9.4741557e-01 5.1745683e-03
4716.0 9.5091353e-01 5.1841120e-03
4721.0 9.6888344e-01 5.2328662e-03
4726.0 9.6858053e-01 5.2320482e-03
4731.0 9.5997739e-01 5.2087603e-03
4736.0 9.4666047e-01 5.1725058e-03
4741.0 9.4209872e-01 5.1600282e-03
4746.0 9.5594830e-01 5.1978180e-03
4751.0 9.4275481e-01 5.1618246e-03
4756.0 9.4215567e-01 5.1601841e-03
4761.0 9.4183015e-01 5.1592926e-03
4766.0 9.3769876e-01 5.1479644e-03
4771.0 9.4171989e-01 5.1589906e-03
4776.0 9.2838683e-01 5.1223394e-03
4781.0 9.1921713e-01 5.0969799e-03
4786.0 9.2682106e-01 5.1180181e-03
4791.0 9.1502227e-01 5.0853365e-03
4796.0 9.1894347e-01 5.0962211e-03
4801.0 9.0348943e-01 5.0531874e-03
4806.0 9.0208356e-01 5.0492544e-03
4811.0 9.0662743e-01 5.0619552e-03
4816.0 9.0677254e-01 5.0623603e-03
4821.0 9.1815498e-01 5.0940343e-03
4826.0 9.1740121e-01 5.0919429e-03
4831.0 9.2719040e-01 5.1190377e-03
4836.0 9.2425820e-01 5.1109369e-03
4841.0 9.2735329e-01 5.1194874e-03
4846.0 9.3439382e-01 5.1388844e-03
4851.0 9.2518322e-01 5.1134939e-03
4856.0 9.3931331e-01 5.1523945e-03
4861.0 9.5408732e-01 5.1927562e-03
4866.0 9.4075111e-01 5.1563363e-03
4871.0 9.3388572e-01 5.1374870e-03
4876.0 9.4177633e-01 5.1591452e-03
4881.0 9.3764837e-01 5.1478261e-03
4886.0 9.4841750e-01 5.1773038e-03
4891.0 9.5363107e-01 5.1915144e-03
4896.0 9.3435691e-01 5.1387829e-03
4901.0 9.3042521e-01 5.1279597e-03
4906.0 9.2009575e-01 5.0994153e-03
4911.0 9.1692318e-01 5.0906161e-03
4916.0 9.2339789e-01 5.1085577e-03
4921.0 9.4280267e-01 5.1619557e-03
4926.0 9.6270353e-01 5.2161509e-03
4931.0 9.5228145e-01 5.1878395e-03
4936.0 9.5701562e-01 5.2007189e-03
4941.0 9.5652563e-01 5.1993873e-03
4946.0 9.6142583e-01 5.2126883e-03
4951.0 9.5281455e-01 5.1892914e-03
4956.0 9.6731684e-01 5.2286340e-03
4961.0 9.6079989e-01 5.2109912e-03
4966.0 9.4954482e-01 5.1803798e-03
4971.0 9.5343593e-01 5.1909832e-03
4976.0 9.3231087e-01 5.1331534e-03
4981.0 9.2845076e-01 5.1225158e-03
4986.0 9.2884687e-01 5.1236084e-03
4991.0 9.4853976e-01 5.1776375e-03
4996.0 9.4204864e-01 5.1598910e-03
