1.0 9.5624335e-01 5.0853860e-03
2.0 9.5798597e-01 5.0900176e-03
3.0 9.5613728e-01 5.0851040e-03
4.0 9.5533943e-01 5.0829819e-03
5.0 9.5379121e-01 5.0788615e-03
6.0 9.5419943e-01 5.0799482e-03
7.0 9.5738219e-01 5.0884134e-03
8.0 9.5530243e-01 5.0828835e-03
9.0 9.5807284e-01 5.0902484e-03
10.0 9.5588495e-01 5.0844329e-03
11.0 9.5362220e-01 5.0784115e-03
12.0 9.5591072e-01 5.0845015e-03
13.0 9.5838054e-01 5.0910657e-03
14.0 9.6065423e-01 5.0971013e-03
15.0 9.5701173e-01 5.0874288e-03
16.0 9.5576942e-01 5.0841257e-03
17.0 9.5796613e-01 5.0899649e-03
18.0 9.5803867e-01 5.0901576e-03
19.0 9.5508250e-01 5.0822983e-03
20.0 9.5636348e-01 5.0857055e-03
21.0 9.5444416e-01 5.0805997e-03
22.0 9.5930390e-01 5.0935177e-03
23.0 9.6335842e-01 5.1042702e-03
24.0 9.6473823e-01 5.1079243e-03
25.0 9.6815245e-01 5.1169549e-03
26.0 9.6788359e-01 5.1162443e-03
27.0 9.6964051e-01 5.1208858e-03
28.0 9.7310520e-01 5.1300265e-03
29.0 9.7331217e-01 5.1305720e-03
30.0 9.7215722e-01 5.1275271e-03
31.0 9.6712511e-01 5.1142393e-03
32.0 9.6660803e-01 5.1128719e-03
33.0 9.6840941e-01 5.1176339e-03
34.0 9.7048572e-01 5.1231172e-03
35.0 9.7141439e-01 5.1255677e-03
36.0 9.6948597e-01 5.1204777e-03
37.0 9.6366752e-01 5.1050891e-03
38.0 9.6219197e-01 5.1011792e-03
39.0 9.6119198e-01 5.0985277e-03
40.0 9.6021830e-01 5.0959446e-03
41.0 9.6179687e-01 5.1001317e-03
42.0 9.6697088e-01 5.1138314e-03
43.0 9.6698898e-01 5.1138793e-03
44.0 9.6612504e-01 5.1115943e-03
45.0 9.6523749e-01 5.1092459e-03
46.0 9.6544250e-01 5.1097884e-03
47.0 9.6307172e-01 5.1035107e-03
48.0 9.6318190e-01 5.1038026e-03
49.0 9.6411433e-01 5.1062724e-03
50.0 9.6441359e-01 5.1070649e-03
51.0 9.6538792e-01 5.1096440e-03
52.0 9.6628015e-01 5.1120047e-03
53.0 9.6142470e-01 5.0991449e-03
54.0 9.6334217e-01 5.1042272e-03
55.0 9.6177354e-01 5.1000699e-03
56.0 9.5931450e-01 5.0935458e-03
57.0 9.5689498e-01 5.0871185e-03
58.0 9.5855269e-01 5.0915230e-03
59.0 9.5842147e-01 5.0911745e-03
60.0 9.5423247e-01 5.0800362e-03
61.0 9.5598205e-01 5.0846912e-03
62.0 9.5217730e-01 5.0745627e-03
63.0 9.5276569e-01 5.0761304e-03
64.0 9.5342126e-01 5.0778764e-03
65.0 9.5590302e-01 5.0844810e-03
66.0 9.6067688e-01 5.0971614e-03
67.0 9.5698754e-01 5.0873645e-03
68.0 9.5676457e-01 5.0867718e-03
69.0 9.5579790e-01 5.0842014e-03
70.0 9.5668090e-01 5.0865494e-03
71.0 9.5696185e-01 5.0872962e-03
72.0 9.5591578e-01 5.0845149e-03
73.0 9.5481159e-01 5.0815775e-03
74.0 9.5220255e-01 5.0746300e-03
75.0 9.5523311e-01 5.0826990e-03
76.0 9.5670270e-01 5.0866073e-03
77.0 9.5916841e-01 5.0931580e-03
78.0 9.5821936e-01 5.0906376e-03
79.0 9.5635131e-01 5.0856731e-03
80.0 9.5358245e-01 5.0783057e-03
81.0 9.5455488e-01 5.0808943e-03
82.0 9.5198492e-01 5.0740500e-03
83.0 9.5710423e-01 5.0876746e-03
84.0 9.5362765e-01 5.0784260e-03
85.0 9.5435306e-01 5.0803572e-03
86.0 9.5838275e-01 5.0910716e-03
87.0 9.5953125e-01 5.0941212e-03
88.0 9.5965362e-01 5.0944460e-03
89.0 9.5654047e-01 5.0861760e-03
90.0 9.5263120e-01 5.0757721e-03
91.0 9.5441050e-01 5.0805101e-03
92.0 9.5808760e-01 5.0902876e-03
93.0 9.5662559e-01 5.0864023e-03
94.0 9.5337405e-01 5.0777507e-03
95.0 9.4689553e-01 5.0604687e-03
96.0 9.4458070e-01 5.0542794e-03
97.0 9.4480191e-01 5.0548712e-03
98.0 9.4963410e-01 5.0677813e-03
99.0 9.5174275e-01 5.0734046e-03
100.0 9.5281244e-01 5.0762549e-03
101.0 9.5188186e-01 5.0737754e-03
102.0 9.5039134e-01 5.0698014e-03
103.0 9.5438226e-01 5.0804349e-03
104.0 9.5481277e-01 5.0815806e-03
105.0 9.4929515e-01 5.0668768e-03
106.0 9.4758470e-01 5.0623099e-03
107.0 9.4567434e-01 5.0572045e-03
108.0 9.4469172e-01 5.0545764e-03
109.0 9.4657553e-01 5.0596136e-03
110.0 9.4663670e-01 5.0597771e-03
111.0 9.4671074e-01 5.0599749e-03
112.0 9.5032723e-01 5.0696304e-03
113.0 9.4860235e-01 5.0650275e-03
114.0 9.5363997e-01 5.0784588e-03
115.0 9.5192155e-01 5.0738812e-03
116.0 9.5237905e-01 5.0751003e-03
117.0 9.5191609e-01 5.0738666e-03
118.0 9.5261951e-01 5.0757409e-03
119.0 9.5414360e-01 5.0797996e-03
120.0 9.5549779e-01 5.0834032e-03
121.0 9.5355270e-01 5.0782265e-03
122.0 9.5072845e-01 5.0707005e-03
123.0 9.5738081e-01 5.0884097e-03
124.0 9.5604724e-01 5.0848646e-03
125.0 9.5778575e-01 5.0894857e-03
126.0 9.5318569e-01 5.0772491e-03
127.0 9.5210465e-01 5.0743691e-03
128.0 9.5148847e-01 5.0727269e-03
129.0 9.5267101e-01 5.0758781e-03
130.0 9.4552116e-01 5.0567949e-03
131.0 9.4641217e-01 5.0591769e-03
132.0 9.4381258e-01 5.0522239e-03
133.0 9.4526545e-01 5.0561111e-03
134.0 9.4293032e-01 5.0498620e-03
135.0 9.4110587e-01 5.0449742e-03
136.0 9.4077928e-01 5.0440988e-03
137.0 9.3825146e-01 5.0373176e-03
138.0 9.3727056e-01 5.0346838e-03
139.0 9.3425468e-01 5.0265772e-03
140.0 9.2983612e-01 5.0146765e-03
141.0 9.3318350e-01 5.0236947e-03
142.0 9.3047828e-01 5.0164078e-03
143.0 9.3087883e-01 5.0174874e-03
144.0 9.3379279e-01 5.0253344e-03
145.0 9.3306294e-01 5.0233702e-03
146.0 9.3189803e-01 5.0202334e-03
147.0 9.3341331e-01 5.0243132e-03
148.0 9.3720309e-01 5.0345026e-03
149.0 9.3476621e-01 5.0279531e-03
150.0 9.3515404e-01 5.0289960e-03
151.0 9.3132500e-01 5.0186897e-03
152.0 9.3104451e-01 5.0179339e-03
153.0 9.3201147e-01 5.0205390e-03
154.0 9.3054591e-01 5.0165901e-03
155.0 9.3019061e-01 5.0156323e-03
156.0 9.2743866e-01 5.0082075e-03
157.0 9.2851364e-01 5.0111091e-03
158.0 9.3215513e-01 5.0209259e-03
159.0 9.2981182e-01 5.0146109e-03
160.0 9.2877435e-01 5.0118125e-03
161.0 9.3056918e-01 5.0166528e-03
162.0 9.3425523e-01 5.0265786e-03
163.0 9.3051346e-01 5.0165026e-03
164.0 9.3045641e-01 5.0163488e-03
165.0 9.3149093e-01 5.0191367e-03
166.0 9.3180849e-01 5.0199922e-03
167.0 9.2554202e-01 5.0030838e-03
168.0 9.2735458e-01 5.0079804e-03
169.0 9.3181460e-01 5.0200087e-03
170.0 9.3241927e-01 5.0216372e-03
171.0 9.2996869e-01 5.0150339e-03
172.0 9.2885418e-01 5.0120279e-03
173.0 9.3406316e-01 5.0260619e-03
174.0 9.3693481e-01 5.0337820e-03
175.0 9.3891544e-01 5.0390997e-03
176.0 9.4030153e-01 5.0428179e-03
177.0 9.3901986e-01 5.0393799e-03
178.0 9.3888671e-01 5.0390226e-03
179.0 9.3913360e-01 5.0396851e-03
180.0 9.4105730e-01 5.0448441e-03
181.0 9.4536151e-01 5.0563680e-03
182.0 9.4850234e-01 5.0647605e-03
183.0 9.4459734e-01 5.0543239e-03
184.0 9.4513148e-01 5.0557528e-03
185.0 9.4712134e-01 5.0610721e-03
186.0 9.4867056e-01 5.0652096e-03
187.0 9.4692939e-01 5.0605592e-03
188.0 9.5466261e-01 5.0811810e-03
189.0 9.5115453e-01 5.0718366e-03
190.0 9.4826825e-01 5.0641355e-03
191.0 9.4902705e-01 5.0661612e-03
192.0 9.5480897e-01 5.0815705e-03
193.0 9.5257507e-01 5.0756226e-03
194.0 9.5192952e-01 5.0739024e-03
195.0 9.5497491e-01 5.0820121e-03
196.0 9.5491029e-01 5.0818401e-03
197.0 9.5389025e-01 5.0791252e-03
198.0 9.5527093e-01 5.0827997e-03
199.0 9.5589330e-01 5.0844552e-03
200.0 9.5851257e-01 5.0914164e-03
201.0 9.6192471e-01 5.1004707e-03
202.0 9.6261149e-01 5.1022911e-03
203.0 9.6329565e-01 5.1041040e-03
204.0 9.6381630e-01 5.1054831e-03
205.0 9.6506564e-01 5.1087910e-03
206.0 9.6535425e-01 5.1095549e-03
207.0 9.6541226e-01 5.1097084e-03
208.0 9.6860050e-01 5.1181388e-03
209.0 9.7243060e-01 5.1282480e-03
210.0 9.6806386e-01 5.1167207e-03
211.0 9.6796771e-01 5.1164666e-03
212.0 9.6590224e-01 5.1110049e-03
213.0 9.6511697e-01 5.1089269e-03
214.0 9.6617009e-01 5.1117135e-03
215.0 9.6796146e-01 5.1164501e-03
216.0 9.6753940e-01 5.1153346e-03
217.0 9.6231982e-01 5.1015180e-03
218.0 9.5988298e-01 5.0950548e-03
219.0 9.6234270e-01 5.1015787e-03
220.0 9.5516995e-01 5.0825310e-03
221.0 9.5859705e-01 5.0916408e-03
222.0 9.6009110e-01 5.0956071e-03
223.0 9.6357854e-01 5.1048534e-03
224.0 9.6302850e-01 5.1033961e-03
225.0 9.5746095e-01 5.0886226e-03
226.0 9.5873919e-01 5.0920183e-03
227.0 9.6228667e-01 5.1014302e-03
228.0 9.6472650e-01 5.1078933e-03
229.0 9.6293431e-01 5.1031466e-03
230.0 9.6318843e-01 5.1038199e-03
231.0 9.6187417e-01 5.1003367e-03
232.0 9.5994000e-01 5.0952061e-03
233.0 9.6281494e-01 5.1028303e-03
234.0 9.5986278e-01 5.0950012e-03
235.0 9.5777311e-01 5.0894521e-03
236.0 9.5511703e-01 5.0823902e-03
237.0 9.5153111e-01 5.0728405e-03
238.0 9.5231894e-01 5.0749401e-03
239.0 9.5589287e-01 5.0844540e-03
240.0 9.5563052e-01 5.0837562e-03
241.0 9.5187552e-01 5.0737585e-03
242.0 9.5450860e-01 5.0807712e-03
243.0 9.5898321e-01 5.0926662e-03
244.0 9.5715804e-01 5.0878177e-03
245.0 9.5578297e-01 5.0841617e-03
246.0 9.5712227e-01 5.0877226e-03
247.0 9.6134325e-01 5.0989289e-03
248.0 9.5962238e-01 5.0943631e-03
249.0 9.5581028e-01 5.0842343e-03
250.0 9.5712818e-01 5.0877383e-03
251.0 9.5895133e-01 5.0925816e-03
252.0 9.5863104e-01 5.0917311e-03
253.0 9.5702386e-01 5.0874610e-03
254.0 9.5968241e-01 5.0945224e-03
255.0 9.6109999e-01 5.0982837e-03
256.0 9.5901251e-01 5.0927440e-03
257.0 9.5909756e-01 5.0929699e-03
258.0 9.5551347e-01 5.0834449e-03
259.0 9.5752975e-01 5.0888055e-03
260.0 9.5696724e-01 5.0873105e-03
261.0 9.5584593e-01 5.0843292e-03
262.0 9.5581207e-01 5.0842391e-03
263.0 9.5592016e-01 5.0845266e-03
264.0 9.5824797e-01 5.0907136e-03
265.0 9.5956497e-01 5.0942107e-03
266.0 9.5868786e-01 5.0918820e-03
267.0 9.6032568e-01 5.0962296e-03
268.0 9.6092180e-01 5.0978111e-03
269.0 9.5922843e-01 5.0933173e-03
270.0 9.5858832e-01 5.0916176e-03
271.0 9.5798274e-01 5.0900091e-03
272.0 9.5917856e-01 5.0931849e-03
273.0 9.5819577e-01 5.0905750e-03
274.0 9.5722461e-01 5.0879946e-03
275.0 9.6259104e-01 5.1022369e-03
276.0 9.6511951e-01 5.1089336e-03
277.0 9.6301404e-01 5.1033578e-03
278.0 9.6439273e-01 5.1070096e-03
279.0 9.6469867e-01 5.1078196e-03
280.0 9.6558854e-01 5.1101749e-03
281.0 9.6586044e-01 5.1108943e-03
282.0 9.6881753e-01 5.1187121e-03
283.0 9.6946346e-01 5.1204182e-03
284.0 9.6898937e-01 5.1191661e-03
285.0 9.7158951e-01 5.1260297e-03
286.0 9.7189548e-01 5.1268368e-03
287.0 9.7177691e-01 5.1265241e-03
288.0 9.7216874e-01 5.1275575e-03
289.0 9.7145295e-01 5.1256695e-03
290.0 9.7099223e-01 5.1244539e-03
291.0 9.6888020e-01 5.1188777e-03
292.0 9.6637858e-01 5.1122650e-03
293.0 9.6333527e-01 5.1042089e-03
294.0 9.5951713e-01 5.0940837e-03
295.0 9.5714709e-01 5.0877885e-03
296.0 9.5684442e-01 5.0869840e-03
297.0 9.5730648e-01 5.0882122e-03
298.0 9.5691728e-01 5.0871777e-03
299.0 9.5087571e-01 5.0710932e-03
300.0 9.5545505e-01 5.0832895e-03
301.0 9.5841599e-01 5.0911599e-03
302.0 9.5971504e-01 5.0946091e-03
303.0 9.6463729e-01 5.1076571e-03
304.0 9.6199943e-01 5.1006687e-03
305.0 9.6694693e-01 5.1137681e-03
306.0 9.6424175e-01 5.1066098e-03
307.0 9.6495767e-01 5.1085052e-03
308.0 9.6158757e-01 5.0995767e-03
309.0 9.6182740e-01 5.1002127e-03
310.0 9.6299616e-01 5.1033105e-03
311.0 9.6249294e-01 5.1019769e-03
312.0 9.6456739e-01 5.1074721e-03
313.0 9.6489854e-01 5.1083487e-03
314.0 9.6358340e-01 5.1048662e-03
315.0 9.6227941e-01 5.1014109e-03
316.0 9.6450805e-01 5.1073149e-03
317.0 9.6287530e-01 5.1029902e-03
318.0 9.6535227e-01 5.1095497e-03
319.0 9.6869621e-01 5.1183916e-03
320.0 9.6399566e-01 5.1059582e-03
321.0 9.6684230e-01 5.1134914e-03
322.0 9.7197127e-01 5.1270367e-03
323.0 9.7202225e-01 5.1271711e-03
324.0 9.7281999e-01 5.1292747e-03
325.0 9.7474718e-01 5.1343528e-03
326.0 9.7290698e-01 5.1295040e-03
327.0 9.7240284e-01 5.1281748e-03
328.0 9.6804132e-01 5.1166612e-03
329.0 9.6776473e-01 5.1159302e-03
330.0 9.6849002e-01 5.1178469e-03
331.0 9.6945698e-01 5.1204011e-03
332.0 9.7198429e-01 5.1270710e-03
333.0 9.6965259e-01 5.1209177e-03
334.0 9.6822934e-01 5.1171581e-03
335.0 9.7345354e-01 5.1309446e-03
336.0 9.7285095e-01 5.1293563e-03
337.0 9.7317937e-01 5.1302220e-03
338.0 9.7271138e-01 5.1289883e-03
339.0 9.7007397e-01 5.1220302e-03
340.0 9.7401132e-01 5.1324144e-03
341.0 9.7199892e-01 5.1271096e-03
342.0 9.6853105e-01 5.1179553e-03
343.0 9.6707184e-01 5.1140984e-03
344.0 9.6145442e-01 5.0992237e-03
345.0 9.5971622e-01 5.0946122e-03
346.0 9.5713785e-01 5.0877640e-03
347.0 9.5872955e-01 5.0919927e-03
348.0 9.5698575e-01 5.0873597e-03
349.0 9.5941187e-01 5.0938043e-03
350.0 9.6326576e-01 5.1040248e-03
351.0 9.6528416e-01 5.1093694e-03
352.0 9.6474862e-01 5.1079519e-03
353.0 9.6530352e-01 5.1094206e-03
354.0 9.6143304e-01 5.0991670e-03
355.0 9.6145128e-01 5.0992154e-03
356.0 9.5951527e-01 5.0940788e-03
357.0 9.6169916e-01 5.0998726e-03
358.0 9.6859017e-01 5.1181115e-03
359.0 9.6966171e-01 5.1209417e-03
360.0 9.6404030e-01 5.1060764e-03
361.0 9.6287852e-01 5.1029987e-03
362.0 9.6310386e-01 5.1035958e-03
363.0 9.6328168e-01 5.1040670e-03
364.0 9.6141452e-01 5.0991179e-03
365.0 9.6211480e-01 5.1009746e-03
366.0 9.5892444e-01 5.0925102e-03
367.0 9.5647647e-01 5.0860059e-03
368.0 9.5844538e-01 5.0912380e-03
369.0 9.5597220e-01 5.0846650e-03
370.0 9.5746061e-01 5.0886218e-03
371.0 9.5391676e-01 5.0791958e-03
372.0 9.5867333e-01 5.0918434e-03
373.0 9.5647617e-01 5.0860051e-03
374.0 9.5578200e-01 5.0841591e-03
375.0 9.5627361e-01 5.0854665e-03
376.0 9.5432462e-01 5.0802815e-03
377.0 9.5424469e-01 5.0800687e-03
378.0 9.5555571e-01 5.0835572e-03
379.0 9.5797337e-01 5.0899842e-03
380.0 9.6003833e-01 5.0954671e-03
381.0 9.5964812e-01 5.0944314e-03
382.0 9.5940329e-01 5.0937815e-03
383.0 9.6592660e-01 5.1110694e-03
384.0 9.6840549e-01 5.1176235e-03
385.0 9.6558449e-01 5.1101642e-03
386.0 9.6555414e-01 5.1100839e-03
387.0 9.6438649e-01 5.1069931e-03
388.0 9.6378544e-01 5.1054014e-03
389.0 9.6034475e-01 5.0962802e-03
390.0 9.5946328e-01 5.0939408e-03
391.0 9.6438726e-01 5.1069951e-03
392.0 9.6583012e-01 5.1108141e-03
393.0 9.5886782e-01 5.0923598e-03
394.0 9.6197917e-01 5.1006150e-03
395.0 9.6458498e-01 5.1075186e-03
396.0 9.6319105e-01 5.1038268e-03
397.0 9.6472329e-01 5.1078848e-03
398.0 9.6194930e-01 5.1005358e-03
399.0 9.6039531e-01 5.0964143e-03
400.0 9.6398446e-01 5.1059285e-03
401.0 9.6285006e-01 5.1029233e-03
402.0 9.5760772e-01 5.0890127e-03
403.0 9.5740418e-01 5.0884718e-03
404.0 9.5720624e-01 5.0879458e-03
405.0 9.6032596e-01 5.0962303e-03
406.0 9.6041371e-01 5.0964631e-03
407.0 9.5916911e-01 5.0931598e-03
408.0 9.6194864e-01 5.1005341e-03
409.0 9.6222833e-01 5.1012755e-03
410.0 9.6030476e-01 5.0961741e-03
411.0 9.6357097e-01 5.1048333e-03
412.0 9.6429329e-01 5.1067463e-03
413.0 9.6443585e-01 5.1071238e-03
414.0 9.6512965e-01 5.1089605e-03
415.0 9.6241904e-01 5.1017810e-03
416.0 9.6125872e-01 5.0987047e-03
417.0 9.6137263e-01 5.0990068e-03
418.0 9.6092419e-01 5.0978174e-03
419.0 9.6409541e-01 5.1062223e-03
420.0 9.6438490e-01 5.1069889e-03
421.0 9.6632941e-01 5.1121350e-03
422.0 9.6601945e-01 5.1113150e-03
423.0 9.6861369e-01 5.1181736e-03
424.0 9.6935078e-01 5.1201206e-03
425.0 9.6917505e-01 5.1196565e-03
426.0 9.6880444e-01 5.1186776e-03
427.0 9.6609688e-01 5.1115198e-03
428.0 9.6728991e-01 5.1146750e-03
429.0 9.6705378e-01 5.1140507e-03
430.0 9.6549287e-01 5.1099217e-03
431.0 9.6821514e-01 5.1171205e-03
432.0 9.6461241e-01 5.1075912e-03
433.0 9.6314416e-01 5.1037026e-03
434.0 9.6564144e-01 5.1103149e-03
435.0 9.6607280e-01 5.1114562e-03
436.0 9.6567470e-01 5.1104029e-03
437.0 9.6609466e-01 5.1115140e-03
438.0 9.6646137e-01 5.1124840e-03
439.0 9.6235732e-01 5.1016175e-03
440.0 9.6153662e-01 5.0994416e-03
441.0 9.6581682e-01 5.1107789e-03
442.0 9.6404383e-01 5.1060857e-03
443.0 9.6311143e-01 5.1036159e-03
444.0 9.6162383e-01 5.0996729e-03
445.0 9.6143137e-01 5.0991626e-03
446.0 9.5973161e-01 5.0946530e-03
447.0 9.6084519e-01 5.0976079e-03
448.0 9.6120959e-01 5.0985744e-03
449.0 9.6306541e-01 5.1034940e-03
450.0 9.6009154e-01 5.0956083e-03
451.0 9.5939848e-01 5.0937688e-03
452.0 9.5903464e-01 5.0928028e-03
453.0 9.6057502e-01 5.0968911e-03
454.0 9.5868810e-01 5.0918826e-03
455.0 9.6139949e-01 5.0990780e-03
456.0 9.6475422e-01 5.1079667e-03
457.0 9.6210436e-01 5.1009469e-03
458.0 9.6079156e-01 5.0974656e-03
459.0 9.5924260e-01 5.0933549e-03
460.0 9.6616327e-01 5.1116955e-03
461.0 9.6472462e-01 5.1078883e-03
462.0 9.6900009e-01 5.1191944e-03
463.0 9.6520440e-01 5.1091583e-03
464.0 9.6243190e-01 5.1018151e-03
465.0 9.6047736e-01 5.0966320e-03
466.0 9.5821174e-01 5.0906174e-03
467.0 9.5757352e-01 5.0889218e-03
468.0 9.5585991e-01 5.0843664e-03
469.0 9.5378781e-01 5.0788524e-03
470.0 9.5693154e-01 5.0872156e-03
471.0 9.6015658e-01 5.0957809e-03
472.0 9.6253158e-01 5.1020793e-03
473.0 9.6378751e-01 5.1054069e-03
474.0 9.6375372e-01 5.1053174e-03
475.0 9.6227138e-01 5.1013896e-03
476.0 9.5952306e-01 5.0940995e-03
477.0 9.6025173e-01 5.0960333e-03
478.0 9.5702032e-01 5.0874516e-03
479.0 9.5440208e-01 5.0804877e-03
480.0 9.5762992e-01 5.0890717e-03
481.0 9.6274007e-01 5.1026319e-03
482.0 9.6350190e-01 5.1046504e-03
483.0 9.6626951e-01 5.1119765e-03
484.0 9.6530691e-01 5.1094296e-03
485.0 9.6146671e-01 5.0992563e-03
486.0 9.6305849e-01 5.1034756e-03
487.0 9.6454249e-01 5.1074061e-03
488.0 9.6461842e-01 5.1076072e-03
489.0 9.6382562e-01 5.1055078e-03
490.0 9.6647166e-01 5.1125112e-03
491.0 9.6364528e-01 5.1050302e-03
492.0 9.6163467e-01 5.0997016e-03
493.0 9.5905733e-01 5.0928630e-03
494.0 9.5949221e-01 5.0940176e-03
495.0 9.5657558e-01 5.0862694e-03
496.0 9.5458311e-01 5.0809695e-03
497.0 9.5254743e-01 5.0755489e-03
498.0 9.5173661e-01 5.0733883e-03
499.0 9.4769306e-01 5.0625994e-03
500.0 9.4794737e-01 5.0632786e-03
501.0 9.5151567e-01 5.0727994e-03
502.0 9.5213943e-01 5.0744618e-03
503.0 9.5669390e-01 5.0865839e-03
504.0 9.6068572e-01 5.0971848e-03
505.0 9.6302630e-01 5.1033903e-03
506.0 9.6326911e-01 5.1040336e-03
507.0 9.6312594e-01 5.1036543e-03
508.0 9.6494089e-01 5.1084608e-03
509.0 9.6353295e-01 5.1047326e-03
510.0 9.5819150e-01 5.0905636e-03
511.0 9.5947159e-01 5.0939628e-03
512.0 9.5657503e-01 5.0862679e-03
513.0 9.5438072e-01 5.0804308e-03
514.0 9.5491577e-01 5.0818547e-03
515.0 9.5504859e-01 5.0822081e-03
516.0 9.5160687e-01 5.0730424e-03
517.0 9.5244916e-01 5.0752871e-03
518.0 9.5532832e-01 5.0829524e-03
519.0 9.5241179e-01 5.0751875e-03
520.0 9.5609926e-01 5.0850029e-03
521.0 9.5209243e-01 5.0743366e-03
522.0 9.5788081e-01 5.0897383e-03
523.0 9.5668318e-01 5.0865554e-03
524.0 9.5685469e-01 5.0870114e-03
525.0 9.5150313e-01 5.0727659e-03
526.0 9.5121226e-01 5.0719905e-03
527.0 9.5166118e-01 5.0731872e-03
528.0 9.5128487e-01 5.0721841e-03
529.0 9.4956704e-01 5.0676024e-03
530.0 9.4696001e-01 5.0606410e-03
531.0 9.5004764e-01 5.0688846e-03
532.0 9.5035689e-01 5.0697095e-03
533.0 9.5484062e-01 5.0816548e-03
534.0 9.5386794e-01 5.0790658e-03
535.0 9.5331546e-01 5.0775947e-03
536.0 9.5610142e-01 5.0850086e-03
537.0 9.5241963e-01 5.0752084e-03
538.0 9.4987902e-01 5.0684347e-03
539.0 9.5328926e-01 5.0775249e-03
540.0 9.5033994e-01 5.0696643e-03
541.0 9.4575715e-01 5.0574259e-03
542.0 9.5092153e-01 5.0712153e-03
543.0 9.4710901e-01 5.0610392e-03
544.0 9.4753539e-01 5.0621782e-03
545.0 9.4778810e-01 5.0628532e-03
546.0 9.4029638e-01 5.0428041e-03
547.0 9.3986412e-01 5.0416448e-03
548.0 9.4142217e-01 5.0458220e-03
549.0 9.4275086e-01 5.0493814e-03
550.0 9.4557285e-01 5.0569331e-03
551.0 9.4491269e-01 5.0551675e-03
552.0 9.4729941e-01 5.0615478e-03
553.0 9.4584091e-01 5.0576499e-03
554.0 9.4265010e-01 5.0491116e-03
555.0 9.3961838e-01 5.0409857e-03
556.0 9.3636735e-01 5.0322574e-03
557.0 9.3963611e-01 5.0410332e-03
558.0 9.3593621e-01 5.0310987e-03
559.0 9.3723687e-01 5.0345933e-03
560.0 9.3704856e-01 5.0340875e-03
561.0 9.3716210e-01 5.0343925e-03
562.0 9.4150946e-01 5.0460559e-03
563.0 9.4081566e-01 5.0441963e-03
564.0 9.4322317e-01 5.0506462e-03
565.0 9.4397874e-01 5.0526687e-03
566.0 9.4407612e-01 5.0529293e-03
567.0 9.5083636e-01 5.0709882e-03
568.0 9.4710882e-01 5.0610386e-03
569.0 9.5064614e-01 5.0704810e-03
570.0 9.5244909e-01 5.0752869e-03
571.0 9.5094026e-01 5.0712653e-03
572.0 9.5522018e-01 5.0826647e-03
573.0 9.5010514e-01 5.0690380e-03
574.0 9.4889769e-01 5.0658160e-03
575.0 9.4571438e-01 5.0573115e-03
576.0 9.4697196e-01 5.0606730e-03
577.0 9.4406206e-01 5.0528916e-03
578.0 9.4533381e-01 5.0562939e-03
579.0 9.4493370e-01 5.0552237e-03
580.0 9.4391667e-01 5.0525025e-03
581.0 9.4537198e-01 5.0563960e-03
582.0 9.4511858e-01 5.0557183e-03
583.0 9.4274831e-01 5.0493746e-03
584.0 9.5067060e-01 5.0705462e-03
585.0 9.4944075e-01 5.0672653e-03
586.0 9.4343290e-01 5.0512076e-03
587.0 9.4121189e-01 5.0452584e-03
588.0 9.3799862e-01 5.0366389e-03
589.0 9.4036364e-01 5.0429844e-03
590.0 9.4150700e-01 5.0460493e-03
591.0 9.4283849e-01 5.0496161e-03
592.0 9.4224870e-01 5.0480365e-03
593.0 9.4206266e-01 5.0475381e-03
594.0 9.4172950e-01 5.0466455e-03
595.0 9.4219637e-01 5.0478963e-03
596.0 9.4520527e-01 5.0559501e-03
597.0 9.4670679e-01 5.0599644e-03
598.0 9.4872931e-01 5.0653665e-03
599.0 9.5059809e-01 5.0703528e-03
600.0 9.5338910e-01 5.0777908e-03
601.0 9.5473971e-01 5.0813862e-03
602.0 9.5597405e-01 5.0846699e-03
603.0 9.5946127e-01 5.0939354e-03
604.0 9.5769853e-01 5.0892540e-03
605.0 9.5548520e-01 5.0833697e-03
606.0 9.5219552e-01 5.0746113e-03
607.0 9.5250971e-01 5.0754484e-03
608.0 9.4751179e-01 5.0621152e-03
609.0 9.4885478e-01 5.0657014e-03
610.0 9.4871475e-01 5.0653276e-03
611.0 9.5188231e-01 5.0737766e-03
612.0 9.5019041e-01 5.0692655e-03
613.0 9.4988046e-01 5.0684386e-03
614.0 9.5315114e-01 5.0771570e-03
615.0 9.5706353e-01 5.0875665e-03
616.0 9.5528636e-01 5.0828407e-03
617.0 9.5574517e-01 5.0840612e-03
618.0 9.5644947e-01 5.0859341e-03
619.0 9.5714702e-01 5.0877884e-03
620.0 9.5622655e-01 5.0853414e-03
621.0 9.5955286e-01 5.0941786e-03
622.0 9.5431898e-01 5.0802665e-03
623.0 9.5337888e-01 5.0777636e-03
624.0 9.5468806e-01 5.0812488e-03
625.0 9.5604819e-01 5.0848671e-03
626.0 9.5972978e-01 5.0946482e-03
627.0 9.6292439e-01 5.1031203e-03
628.0 9.6227989e-01 5.1014122e-03
629.0 9.6574823e-01 5.1105974e-03
630.0 9.6397561e-01 5.1059051e-03
631.0 9.6653614e-01 5.1126818e-03
632.0 9.7155481e-01 5.1259382e-03
633.0 9.7476274e-01 5.1343938e-03
634.0 9.7478104e-01 5.1344420e-03
635.0 9.7351742e-01 5.1311129e-03
636.0 9.6913456e-01 5.1195496e-03
637.0 9.6950716e-01 5.1205336e-03
638.0 9.6597479e-01 5.1111969e-03
639.0 9.6336890e-01 5.1042980e-03
640.0 9.5967343e-01 5.0944986e-03
641.0 9.5819524e-01 5.0905736e-03
642.0 9.5803965e-01 5.0901602e-03
643.0 9.5886691e-01 5.0923574e-03
644.0 9.5739555e-01 5.0884489e-03
645.0 9.6041985e-01 5.0964794e-03
646.0 9.6010593e-01 5.0956464e-03
647.0 9.5823198e-01 5.0906711e-03
648.0 9.5909194e-01 5.0929549e-03
649.0 9.6447609e-01 5.1072303e-03
650.0 9.6538211e-01 5.1096286e-03
651.0 9.6428031e-01 5.1067119e-03
652.0 9.6025312e-01 5.0960370e-03
653.0 9.5965329e-01 5.0944451e-03
654.0 9.6023801e-01 5.0959970e-03
655.0 9.5915851e-01 5.0931317e-03
656.0 9.5478757e-01 5.0815136e-03
657.0 9.5284308e-01 5.0763365e-03
658.0 9.5724217e-01 5.0880412e-03
659.0 9.6147267e-01 5.0992721e-03
660.0 9.5951405e-01 5.0940755e-03
661.0 9.6173034e-01 5.0999553e-03
662.0 9.5890973e-01 5.0924711e-03
663.0 9.6315309e-01 5.1037263e-03
664.0 9.6410102e-01 5.1062372e-03
665.0 9.6694343e-01 5.1137589e-03
666.0 9.6245358e-01 5.1018726e-03
667.0 9.6427281e-01 5.1066921e-03
668.0 9.6398708e-01 5.1059354e-03
669.0 9.6581306e-01 5.1107690e-03
670.0 9.6754640e-01 5.1153530e-03
671.0 9.6715914e-01 5.1143292e-03
672.0 9.6491301e-01 5.1083870e-03
673.0 9.6637578e-01 5.1122576e-03
674.0 9.6577458e-01 5.1106672e-03
675.0 9.6308143e-01 5.1035364e-03
676.0 9.6044253e-01 5.0965396e-03
677.0 9.5655363e-01 5.0862110e-03
678.0 9.5535078e-01 5.0830121e-03
679.0 9.5850455e-01 5.0913951e-03
680.0 9.5912742e-01 5.0930491e-03
681.0 9.5791856e-01 5.0898385e-03
682.0 9.6027838e-01 5.0961041e-03
683.0 9.5805768e-01 5.0902081e-03
684.0 9.5830833e-01 5.0908740e-03
685.0 9.5766769e-01 5.0891720e-03
686.0 9.5959135e-01 5.0942807e-03
687.0 9.5507294e-01 5.0822729e-03
688.0 9.5266539e-01 5.0758632e-03
689.0 9.4833104e-01 5.0643031e-03
690.0 9.4799203e-01 5.0633979e-03
691.0 9.5165851e-01 5.0731801e-03
692.0 9.5068035e-01 5.0705722e-03
693.0 9.4979819e-01 5.0682191e-03
694.0 9.5246966e-01 5.0753417e-03
695.0 9.5570968e-01 5.0839668e-03
696.0 9.5577227e-01 5.0841333e-03
697.0 9.5780613e-01 5.0895398e-03
698.0 9.5510577e-01 5.0823603e-03
699.0 9.5899712e-01 5.0927032e-03
700.0 9.6482181e-01 5.1081456e-03
701.0 9.6630857e-01 5.1120798e-03
702.0 9.6070616e-01 5.0972390e-03
703.0 9.5943917e-01 5.0938768e-03
704.0 9.6120519e-01 5.0985627e-03
705.0 9.6001647e-01 5.0954091e-03
706.0 9.6332791e-01 5.1041894e-03
707.0 9.6451594e-01 5.1073358e-03
708.0 9.6225429e-01 5.1013444e-03
709.0 9.6181205e-01 5.1001720e-03
710.0 9.5910391e-01 5.0929867e-03
711.0 9.5844926e-01 5.0912483e-03
712.0 9.5695795e-01 5.0872858e-03
713.0 9.6028098e-01 5.0961110e-03
714.0 9.6585534e-01 5.1108808e-03
715.0 9.6184171e-01 5.1002506e-03
716.0 9.5659383e-01 5.0863179e-03
717.0 9.5599936e-01 5.0847372e-03
718.0 9.5183911e-01 5.0736614e-03
719.0 9.5197870e-01 5.0740335e-03
720.0 9.5376570e-01 5.0787936e-03
721.0 9.5752685e-01 5.0887978e-03
722.0 9.5785951e-01 5.0896817e-03
723.0 9.5721729e-01 5.0879751e-03
724.0 9.5197860e-01 5.0740332e-03
725.0 9.5228282e-01 5.0748439e-03
726.0 9.5287155e-01 5.0764124e-03
727.0 9.5501396e-01 5.0821160e-03
728.0 9.5348704e-01 5.0780516e-03
729.0 9.5287067e-01 5.0764100e-03
730.0 9.4930508e-01 5.0669033e-03
731.0 9.4392532e-01 5.0525257e-03
732.0 9.4179763e-01 5.0468280e-03
733.0 9.3832875e-01 5.0375251e-03
734.0 9.4002485e-01 5.0420759e-03
735.0 9.3930928e-01 5.0401565e-03
736.0 9.3844640e-01 5.0378409e-03
737.0 9.3656552e-01 5.0327898e-03
738.0 9.2878978e-01 5.0118542e-03
739.0 9.3381316e-01 5.0253893e-03
740.0 9.3200538e-01 5.0205226e-03
741.0 9.3172180e-01 5.0197587e-03
742.0 9.2852851e-01 5.0111492e-03
743.0 9.3202641e-01 5.0205792e-03
744.0 9.3330037e-01 5.0240093e-03
745.0 9.3200111e-01 5.0205110e-03
746.0 9.3185905e-01 5.0201284e-03
747.0 9.3706810e-01 5.0341400e-03
748.0 9.3740966e-01 5.0350574e-03
749.0 9.3728991e-01 5.0347358e-03
750.0 9.3513087e-01 5.0289337e-03
751.0 9.3066633e-01 5.0169147e-03
752.0 9.3106539e-01 5.0179901e-03
753.0 9.3298238e-01 5.0231533e-03
754.0 9.3680762e-01 5.0334403e-03
755.0 9.3157808e-01 5.0193715e-03
756.0 9.2935091e-01 5.0133679e-03
757.0 9.2855517e-01 5.0112211e-03
758.0 9.2929804e-01 5.0132253e-03
759.0 9.2969248e-01 5.0142891e-03
760.0 9.3008093e-01 5.0153366e-03
761.0 9.3162612e-01 5.0195009e-03
762.0 9.2956295e-01 5.0139398e-03
763.0 9.3224439e-01 5.0211663e-03
764.0 9.3343585e-01 5.0243739e-03
765.0 9.3274768e-01 5.0225214e-03
766.0 9.3715852e-01 5.0343829e-03
767.0 9.4153119e-01 5.0461141e-03
768.0 9.4402225e-01 5.0527851e-03
769.0 9.3594203e-01 5.0311143e-03
770.0 9.4027902e-01 5.0427575e-03
771.0 9.4249733e-01 5.0487025e-03
772.0 9.4790499e-01 5.0631654e-03
773.0 9.5115580e-01 5.0718400e-03
774.0 9.5537465e-01 5.0830756e-03
775.0 9.5762899e-01 5.0890692e-03
776.0 9.6121686e-01 5.0985937e-03
777.0 9.6645309e-01 5.1124621e-03
778.0 9.6674053e-01 5.1132223e-03
779.0 9.6251046e-01 5.1020233e-03
780.0 9.6155498e-01 5.0994903e-03
781.0 9.6241606e-01 5.1017731e-03
782.0 9.6238275e-01 5.1016848e-03
783.0 9.5864034e-01 5.0917558e-03
784.0 9.5403916e-01 5.0795216e-03
785.0 9.5194871e-01 5.0739536e-03
786.0 9.5404051e-01 5.0795252e-03
787.0 9.5815240e-01 5.0904597e-03
788.0 9.6022712e-01 5.0959680e-03
789.0 9.6260278e-01 5.1022680e-03
790.0 9.6207138e-01 5.1008595e-03
791.0 9.5710694e-01 5.0876818e-03
792.0 9.5587647e-01 5.0844104e-03
793.0 9.5537165e-01 5.0830676e-03
794.0 9.5413997e-01 5.0797900e-03
795.0 9.5453530e-01 5.0808422e-03
796.0 9.5619449e-01 5.0852561e-03
797.0 9.5884946e-01 5.0923111e-03
798.0 9.5853229e-01 5.0914688e-03
799.0 9.5391471e-01 5.0791903e-03
800.0 9.5318185e-01 5.0772388e-03
801.0 9.5375484e-01 5.0787647e-03
802.0 9.5758571e-01 5.0889542e-03
803.0 9.5648122e-01 5.0860185e-03
804.0 9.5864393e-01 5.0917653e-03
805.0 9.6023685e-01 5.0959939e-03
806.0 9.6114102e-01 5.0983925e-03
807.0 9.6440999e-01 5.1070553e-03
808.0 9.6337018e-01 5.1043014e-03
809.0 9.6228896e-01 5.1014362e-03
810.0 9.6261265e-01 5.1022942e-03
811.0 9.6106843e-01 5.0982000e-03
812.0 9.6233607e-01 5.1015611e-03
813.0 9.6015199e-01 5.0957687e-03
814.0 9.6063962e-01 5.0970625e-03
815.0 9.5996060e-01 5.0952608e-03
816.0 9.6022206e-01 5.0959546e-03
817.0 9.5880635e-01 5.0921966e-03
818.0 9.5794464e-01 5.0899078e-03
819.0 9.5851838e-01 5.0914319e-03
820.0 9.5929231e-01 5.0934869e-03
821.0 9.5969709e-01 5.0945614e-03
822.0 9.6437584e-01 5.1069649e-03
823.0 9.6152777e-01 5.0994182e-03
824.0 9.6115190e-01 5.0984214e-03
825.0 9.5671119e-01 5.0866299e-03
826.0 9.5752642e-01 5.0887966e-03
827.0 9.5466458e-01 5.0811863e-03
828.0 9.5394147e-01 5.0792616e-03
829.0 9.5313634e-01 5.0771176e-03
830.0 9.5404451e-01 5.0795358e-03
831.0 9.5268429e-01 5.0759135e-03
832.0 9.5106281e-01 5.0715921e-03
833.0 9.5503275e-01 5.0821660e-03
834.0 9.5597697e-01 5.0846777e-03
835.0 9.5462519e-01 5.0810815e-03
836.0 9.5422721e-01 5.0800222e-03
837.0 9.5895415e-01 5.0925891e-03
838.0 9.5857064e-01 5.0915706e-03
839.0 9.5683046e-01 5.0869469e-03
840.0 9.5520124e-01 5.0826143e-03
841.0 9.5379184e-01 5.0788632e-03
842.0 9.5224461e-01 5.0747421e-03
843.0 9.4898869e-01 5.0660588e-03
844.0 9.4619924e-01 5.0586078e-03
845.0 9.4434360e-01 5.0536450e-03
846.0 9.4652718e-01 5.0594843e-03
847.0 9.4575718e-01 5.0574260e-03
848.0 9.4559617e-01 5.0569955e-03
849.0 9.4930875e-01 5.0669131e-03
850.0 9.5312124e-01 5.0770774e-03
851.0 9.5256777e-01 5.0756031e-03
852.0 9.5120833e-01 5.0719800e-03
853.0 9.4928520e-01 5.0668502e-03
854.0 9.5142627e-01 5.0725610e-03
855.0 9.5118284e-01 5.0719121e-03
856.0 9.5033583e-01 5.0696534e-03
857.0 9.4826330e-01 5.0641223e-03
858.0 9.4634506e-01 5.0589976e-03
859.0 9.4728170e-01 5.0615005e-03
860.0 9.4400812e-01 5.0527473e-03
861.0 9.4691692e-01 5.0605259e-03
862.0 9.4567657e-01 5.0572104e-03
863.0 9.4570900e-01 5.0572972e-03
864.0 9.4257498e-01 5.0489104e-03
865.0 9.4306768e-01 5.0502298e-03
866.0 9.4276681e-01 5.0494242e-03
867.0 9.4335716e-01 5.0510049e-03
868.0 9.4788398e-01 5.0631093e-03
869.0 9.4885877e-01 5.0657121e-03
870.0 9.4712120e-01 5.0610717e-03
871.0 9.4555008e-01 5.0568722e-03
872.0 9.4737834e-01 5.0617587e-03
873.0 9.5080992e-01 5.0709177e-03
874.0 9.5146986e-01 5.0726772e-03
875.0 9.5304929e-01 5.0768858e-03
876.0 9.5443920e-01 5.0805865e-03
877.0 9.5802085e-01 5.0901103e-03
878.0 9.5257594e-01 5.0756249e-03
879.0 9.5452223e-01 5.0808074e-03
880.0 9.5737392e-01 5.0883914e-03
881.0 9.5406496e-01 5.0795903e-03
882.0 9.5216500e-01 5.0745299e-03
883.0 9.5025085e-01 5.0694267e-03
884.0 9.4868101e-01 5.0652375e-03
885.0 9.4770332e-01 5.0626268e-03
886.0 9.4868862e-01 5.0652578e-03
887.0 9.5113160e-01 5.0717755e-03
888.0 9.5412682e-01 5.0797550e-03
889.0 9.5191780e-01 5.0738712e-03
890.0 9.4960214e-01 5.0676960e-03
891.0 9.5322375e-01 5.0773504e-03
892.0 9.5497024e-01 5.0819997e-03
893.0 9.5515267e-01 5.0824850e-03
894.0 9.5635489e-01 5.0856826e-03
895.0 9.5622704e-01 5.0853427e-03
896.0 9.5745599e-01 5.0886095e-03
897.0 9.5647414e-01 5.0859997e-03
898.0 9.5718971e-01 5.0879018e-03
899.0 9.5336598e-01 5.0777292e-03
900.0 9.5170289e-01 5.0732984e-03
901.0 9.5025823e-01 5.0694463e-03
902.0 9.4963995e-01 5.0677969e-03
903.0 9.4764595e-01 5.0624735e-03
904.0 9.4673863e-01 5.0600494e-03
905.0 9.4340621e-01 5.0511362e-03
906.0 9.4569357e-01 5.0572559e-03
907.0 9.4621415e-01 5.0586476e-03
908.0 9.4248590e-01 5.0486718e-03
909.0 9.4116583e-01 5.0451350e-03
910.0 9.4275156e-01 5.0493833e-03
911.0 9.4195149e-01 5.0472403e-03
912.0 9.4055436e-01 5.0434958e-03
913.0 9.4075177e-01 5.0440251e-03
914.0 9.4199794e-01 5.0473647e-03
915.0 9.3837086e-01 5.0376381e-03
916.0 9.4018747e-01 5.0425120e-03
917.0 9.3848234e-01 5.0379374e-03
918.0 9.3903848e-01 5.0394299e-03
919.0 9.3957397e-01 5.0408665e-03
920.0 9.3899523e-01 5.0393138e-03
921.0 9.3705133e-01 5.0340950e-03
922.0 9.3714370e-01 5.0343431e-03
923.0 9.4236004e-01 5.0483347e-03
924.0 9.3947535e-01 5.0406020e-03
925.0 9.4490751e-01 5.0551537e-03
926.0 9.4490224e-01 5.0551396e-03
927.0 9.4564110e-01 5.0571156e-03
928.0 9.4324267e-01 5.0506984e-03
929.0 9.4169869e-01 5.0465630e-03
930.0 9.4084737e-01 5.0442813e-03
931.0 9.3840813e-01 5.0377382e-03
932.0 9.3815446e-01 5.0370572e-03
933.0 9.3731931e-01 5.0348147e-03
934.0 9.4254302e-01 5.0488248e-03
935.0 9.3954320e-01 5.0407840e-03
936.0 9.4006777e-01 5.0421910e-03
937.0 9.4094330e-01 5.0445385e-03
938.0 9.3833641e-01 5.0375457e-03
939.0 9.4038330e-01 5.0430371e-03
940.0 9.3963620e-01 5.0410335e-03
941.0 9.3325780e-01 5.0238947e-03
942.0 9.3549214e-01 5.0299050e-03
943.0 9.3303372e-01 5.0232915e-03
944.0 9.3090456e-01 5.0175567e-03
945.0 9.3337077e-01 5.0241987e-03
946.0 9.3315487e-01 5.0236176e-03
947.0 9.3620158e-01 5.0318119e-03
948.0 9.3993530e-01 5.0418357e-03
949.0 9.3872768e-01 5.0385959e-03
950.0 9.4129261e-01 5.0454748e-03
951.0 9.3963739e-01 5.0410367e-03
952.0 9.4611850e-01 5.0583920e-03
953.0 9.4449394e-01 5.0540473e-03
954.0 9.4759529e-01 5.0623382e-03
955.0 9.5018399e-01 5.0692483e-03
956.0 9.5148216e-01 5.0727100e-03
957.0 9.5004951e-01 5.0688896e-03
958.0 9.5002449e-01 5.0688228e-03
959.0 9.4453259e-01 5.0541507e-03
960.0 9.4547977e-01 5.0566842e-03
961.0 9.4657076e-01 5.0596008e-03
962.0 9.4693792e-01 5.0605820e-03
963.0 9.3909868e-01 5.0395914e-03
964.0 9.3621884e-01 5.0318583e-03
965.0 9.3476160e-01 5.0279407e-03
966.0 9.3634784e-01 5.0322049e-03
967.0 9.3783759e-01 5.0362065e-03
968.0 9.3813362e-01 5.0370013e-03
969.0 9.4039022e-01 5.0430557e-03
970.0 9.3821946e-01 5.0372317e-03
971.0 9.4026698e-01 5.0427252e-03
972.0 9.4192133e-01 5.0471595e-03
973.0 9.4317450e-01 5.0505158e-03
974.0 9.4271030e-01 5.0492728e-03
975.0 9.4779409e-01 5.0628692e-03
976.0 9.4930388e-01 5.0669001e-03
977.0 9.4683106e-01 5.0602964e-03
978.0 9.4791644e-01 5.0631960e-03
979.0 9.5046823e-01 5.0700065e-03
980.0 9.4941065e-01 5.0671850e-03
981.0 9.5282752e-01 5.0762951e-03
982.0 9.5444003e-01 5.0805887e-03
983.0 9.4855977e-01 5.0649139e-03
984.0 9.5007907e-01 5.0689685e-03
985.0 9.4971093e-01 5.0679863e-03
986.0 9.5173810e-01 5.0733922e-03
987.0 9.5477629e-01 5.0814836e-03
988.0 9.5569308e-01 5.0839226e-03
989.0 9.6020070e-01 5.0958979e-03
990.0 9.5956651e-01 5.0942148e-03
991.0 9.6104355e-01 5.0981340e-03
992.0 9.6282514e-01 5.1028573e-03
993.0 9.6209628e-01 5.1009255e-03
994.0 9.6376098e-01 5.1053366e-03
995.0 9.6156456e-01 5.0995157e-03
996.0 9.5982607e-01 5.0949037e-03
997.0 9.5587439e-01 5.0844049e-03
998.0 9.5634524e-01 5.0856570e-03
999.0 9.5719238e-01 5.0879089e-03
1000.0 9.6032201e-01 5.0962198e-03
