1.0 9.6668573e-01 4.9160089e-03
2.0 9.6961149e-01 4.9234427e-03
3.0 9.6677376e-01 4.9162327e-03
4.0 9.6738667e-01 4.9177909e-03
5.0 9.6786331e-01 4.9190022e-03
6.0 9.6623191e-01 4.9148548e-03
7.0 9.6726292e-01 4.9174763e-03
8.0 9.6474040e-01 4.9110600e-03
9.0 9.6363693e-01 4.9082506e-03
10.0 9.6030739e-01 4.8997638e-03
11.0 9.6303262e-01 4.9067113e-03
12.0 9.6272113e-01 4.9059177e-03
13.0 9.6649979e-01 4.9155361e-03
14.0 9.6789687e-01 4.9190875e-03
15.0 9.6874549e-01 4.9212435e-03
16.0 9.6769559e-01 4.9185760e-03
17.0 9.6581615e-01 4.9137973e-03
18.0 9.6681136e-01 4.9163283e-03
19.0 9.6666133e-01 4.9159469e-03
20.0 9.6437102e-01 4.9101197e-03
21.0 9.6179084e-01 4.9035468e-03
22.0 9.6036481e-01 4.8999103e-03
23.0 9.6348860e-01 4.9078728e-03
24.0 9.6740485e-01 4.9178371e-03
25.0 9.6771529e-01 4.9186261e-03
26.0 9.6805075e-01 4.9194785e-03
27.0 9.6741513e-01 4.9178632e-03
28.0 9.6582980e-01 4.9138320e-03
29.0 9.6821370e-01 4.9198926e-03
30.0 9.7142822e-01 4.9280529e-03
31.0 9.6982315e-01 4.9239800e-03
32.0 9.6964268e-01 4.9235218e-03
33.0 9.6881735e-01 4.9214260e-03
34.0 9.6802824e-01 4.9194213e-03
35.0 9.7007188e-01 4.9246114e-03
36.0 9.6787660e-01 4.9190360e-03
37.0 9.6862298e-01 4.9209323e-03
38.0 9.6983610e-01 4.9240129e-03
39.0 9.6952154e-01 4.9232143e-03
40.0 9.7100304e-01 4.9269743e-03
41.0 9.7124938e-01 4.9275993e-03
42.0 9.7334982e-01 4.9329247e-03
43.0 9.7058365e-01 4.9259102e-03
44.0 9.6998660e-01 4.9243949e-03
45.0 9.6977911e-01 4.9238682e-03
46.0 9.6523563e-01 4.9123203e-03
47.0 9.6337477e-01 4.9075829e-03
48.0 9.6201582e-01 4.9041203e-03
49.0 9.6378106e-01 4.9086176e-03
50.0 9.6274188e-01 4.9059706e-03
51.0 9.6142829e-01 4.9026225e-03
52.0 9.6287391e-01 4.9063070e-03
53.0 9.6016164e-01 4.8993919e-03
54.0 9.5677033e-01 4.8907319e-03
55.0 9.5634006e-01 4.8896321e-03
56.0 9.5404190e-01 4.8837535e-03
57.0 9.5188719e-01 4.8782353e-03
58.0 9.5312708e-01 4.8814114e-03
59.0 9.5484967e-01 4.8858205e-03
60.0 9.5637708e-01 4.8897267e-03
61.0 9.5850269e-01 4.8951576e-03
62.0 9.6084515e-01 4.9011355e-03
63.0 9.5728572e-01 4.8920490e-03
64.0 9.5825234e-01 4.8945182e-03
65.0 9.5748319e-01 4.8925535e-03
66.0 9.5634493e-01 4.8896445e-03
67.0 9.5753858e-01 4.8926950e-03
68.0 9.5471848e-01 4.8854849e-03
69.0 9.5194416e-01 4.8783813e-03
70.0 9.5340724e-01 4.8821288e-03
71.0 9.5441176e-01 4.8847000e-03
72.0 9.5486005e-01 4.8858471e-03
73.0 9.5368983e-01 4.8828522e-03
74.0 9.5516772e-01 4.8866342e-03
75.0 9.5649325e-01 4.8900237e-03
76.0 9.5687303e-01 4.8909944e-03
77.0 9.5501779e-01 4.8862506e-03
78.0 9.5448956e-01 4.8848991e-03
79.0 9.5620789e-01 4.8892942e-03
80.0 9.5864149e-01 4.8955120e-03
81.0 9.5826275e-01 4.8945448e-03
82.0 9.5804848e-01 4.8939976e-03
83.0 9.5793865e-01 4.8937170e-03
84.0 9.5851275e-01 4.8951832e-03
85.0 9.5773187e-01 4.8931889e-03
86.0 9.5288222e-01 4.8807843e-03
87.0 9.5525523e-01 4.8868580e-03
88.0 9.5852973e-01 4.8952266e-03
89.0 9.5765769e-01 4.8929993e-03
90.0 9.5598032e-01 4.8887123e-03
91.0 9.5606679e-01 4.8889334e-03
92.0 9.5581119e-01 4.8882799e-03
93.0 9.5781334e-01 4.8933970e-03
94.0 9.5798881e-01 4.8938452e-03
95.0 9.5688029e-01 4.8910129e-03
96.0 9.5482231e-01 4.8857505e-03
97.0 9.5650638e-01 4.8900572e-03
98.0 9.5770530e-01 4.8931210e-03
99.0 9.5972925e-01 4.8982886e-03
100.0 9.5822560e-01 4.8944499e-03
101.0 9.6161502e-01 4.9030986e-03
102.0 9.5862115e-01 4.8954600e-03
103.0 9.6001455e-01 4.8990166e-03
104.0 9.5693045e-01 4.8911411e-03
105.0 9.5574711e-01 4.8881160e-03
106.0 9.5863833e-01 4.8955039e-03
107.0 9.6028212e-01 4.8996993e-03
108.0 9.5930043e-01 4.8971942e-03
109.0 9.5867241e-01 4.8955909e-03
110.0 9.5895488e-01 4.8963121e-03
111.0 9.6002017e-01 4.8990310e-03
112.0 9.6247645e-01 4.9052942e-03
113.0 9.6171360e-01 4.9033499e-03
114.0 9.5908968e-01 4.8966562e-03
115.0 9.5946908e-01 4.8976247e-03
116.0 9.5888036e-01 4.8961219e-03
117.0 9.5669908e-01 4.8905498e-03
118.0 9.5754132e-01 4.8927020e-03
119.0 9.5727508e-01 4.8920218e-03
120.0 9.5800347e-01 4.8938826e-03
121.0 9.5670183e-01 4.8905568e-03
122.0 9.5772668e-01 4.8931756e-03
123.0 9.5564711e-01 4.8878603e-03
124.0 9.5438144e-01 4.8846224e-03
125.0 9.5427518e-01 4.8843505e-03
126.0 9.5753806e-01 4.8926937e-03
127.0 9.5899753e-01 4.8964210e-03
128.0 9.6109179e-01 4.9017645e-03
129.0 9.6353995e-01 4.9080036e-03
130.0 9.6983147e-01 4.9240011e-03
131.0 9.6995911e-01 4.9243251e-03
132.0 9.7226257e-01 4.9301688e-03
133.0 9.7402038e-01 4.9346236e-03
134.0 9.7568243e-01 4.9388320e-03
135.0 9.7851560e-01 4.9459974e-03
136.0 9.7760201e-01 4.9436879e-03
137.0 9.7658976e-01 4.9411278e-03
138.0 9.7710776e-01 4.9424381e-03
139.0 9.7665669e-01 4.9412971e-03
140.0 9.7708043e-01 4.9423690e-03
141.0 9.7954462e-01 4.9485974e-03
142.0 9.7860058e-01 4.9462122e-03
143.0 9.7786457e-01 4.9443518e-03
144.0 9.7797181e-01 4.9446229e-03
145.0 9.7752703e-01 4.9434984e-03
146.0 9.7413492e-01 4.9349137e-03
147.0 9.7292786e-01 4.9318553e-03
148.0 9.7403519e-01 4.9346611e-03
149.0 9.7646072e-01 4.9408014e-03
150.0 9.7440515e-01 4.9355981e-03
151.0 9.7223069e-01 4.9300880e-03
152.0 9.7229353e-01 4.9302473e-03
153.0 9.6864911e-01 4.9209987e-03
154.0 9.6795643e-01 4.9192389e-03
155.0 9.6493349e-01 4.9115514e-03
156.0 9.6741929e-01 4.9178738e-03
157.0 9.6608663e-01 4.9144853e-03
158.0 9.6892573e-01 4.9217013e-03
159.0 9.7088058e-01 4.9266636e-03
160.0 9.6964811e-01 4.9235356e-03
161.0 9.6787085e-01 4.9190214e-03
162.0 9.6760357e-01 4.9183422e-03
163.0 9.6734833e-01 4.9176934e-03
164.0 9.6793013e-01 4.9191720e-03
165.0 9.6663161e-01 4.9158713e-03
166.0 9.6812596e-01 4.9196696e-03
167.0 9.6853032e-01 4.9206969e-03
168.0 9.6793683e-01 4.9191891e-03
169.0 9.6681097e-01 4.9163273e-03
170.0 9.6647031e-01 4.9154611e-03
171.0 9.6515121e-01 4.9121055e-03
172.0 9.6530788e-01 4.9125042e-03
173.0 9.6549582e-01 4.9129824e-03
174.0 9.6604279e-01 4.9143738e-03
175.0 9.6914098e-01 4.9222479e-03
176.0 9.6887064e-01 4.9215614e-03
177.0 9.7058201e-01 4.9259060e-03
178.0 9.7095819e-01 4.9268606e-03
179.0 9.7042756e-01 4.9255141e-03
180.0 9.7032823e-01 4.9252620e-03
181.0 9.7013839e-01 4.9247802e-03
182.0 9.7069142e-01 4.9261837e-03
183.0 9.6899341e-01 4.9218732e-03
184.0 9.6650240e-01 4.9155427e-03
185.0 9.6769819e-01 4.9185826e-03
186.0 9.6918401e-01 4.9223572e-03
187.0 9.7052455e-01 4.9257603e-03
188.0 9.7076584e-01 4.9263725e-03
189.0 9.7203330e-01 4.9295875e-03
190.0 9.7317307e-01 4.9324768e-03
191.0 9.7453054e-01 4.9359157e-03
192.0 9.7298046e-01 4.9319886e-03
193.0 9.7101667e-01 4.9270089e-03
194.0 9.7026837e-01 4.9251101e-03
195.0 9.7025046e-01 4.9250646e-03
196.0 9.6984576e-01 4.9240374e-03
197.0 9.6666590e-01 4.9159585e-03
198.0 9.6954843e-01 4.9232825e-03
199.0 9.6912700e-01 4.9222124e-03
200.0 9.6943610e-01 4.9229973e-03
201.0 9.7158121e-01 4.9284410e-03
202.0 9.6747703e-01 4.9180205e-03
203.0 9.6668780e-01 4.9160142e-03
204.0 9.6606900e-01 4.9144405e-03
205.0 9.6551697e-01 4.9130362e-03
206.0 9.6533176e-01 4.9125649e-03
207.0 9.6785751e-01 4.9189875e-03
208.0 9.6908815e-01 4.9221138e-03
209.0 9.7066870e-01 4.9261260e-03
210.0 9.7077809e-01 4.9264036e-03
211.0 9.6832177e-01 4.9201671e-03
212.0 9.6479622e-01 4.9112021e-03
213.0 9.6230437e-01 4.9048557e-03
214.0 9.6304014e-01 4.9067304e-03
215.0 9.6317430e-01 4.9070722e-03
216.0 9.6293057e-01 4.9064513e-03
217.0 9.6235618e-01 4.9049877e-03
218.0 9.6605646e-01 4.9144086e-03
219.0 9.6467664e-01 4.9108977e-03
220.0 9.6634682e-01 4.9151471e-03
221.0 9.6629863e-01 4.9150245e-03
222.0 9.6629893e-01 4.9150253e-03
223.0 9.6838118e-01 4.9203180e-03
224.0 9.7082772e-01 4.9265295e-03
225.0 9.7053540e-01 4.9257878e-03
226.0 9.7191762e-01 4.9292941e-03
227.0 9.7253488e-01 4.9308592e-03
228.0 9.7235206e-01 4.9303957e-03
229.0 9.7271424e-01 4.9313139e-03
230.0 9.7154736e-01 4.9283551e-03
231.0 9.7091929e-01 4.9267619e-03
232.0 9.6989246e-01 4.9241560e-03
233.0 9.7136958e-01 4.9279042e-03
234.0 9.7132531e-01 4.9277919e-03
235.0 9.6902608e-01 4.9219561e-03
236.0 9.6776845e-01 4.9187612e-03
237.0 9.6238027e-01 4.9050491e-03
238.0 9.6165434e-01 4.9031988e-03
239.0 9.6185783e-01 4.9037176e-03
240.0 9.6174159e-01 4.9034213e-03
241.0 9.6535403e-01 4.9126216e-03
242.0 9.6633054e-01 4.9151057e-03
243.0 9.6738291e-01 4.9177813e-03
244.0 9.6456548e-01 4.9106148e-03
245.0 9.6402237e-01 4.9092321e-03
246.0 9.6326755e-01 4.9073098e-03
247.0 9.6208777e-01 4.9043037e-03
248.0 9.6081148e-01 4.9010496e-03
249.0 9.5782298e-01 4.8934216e-03
250.0 9.5584287e-01 4.8883609e-03
251.0 9.5764117e-01 4.8929571e-03
252.0 9.5754107e-01 4.8927014e-03
253.0 9.5692420e-01 4.8911251e-03
254.0 9.5718849e-01 4.8918005e-03
255.0 9.5936573e-01 4.8973609e-03
256.0 9.5950333e-01 4.8977121e-03
257.0 9.6070658e-01 4.9007820e-03
258.0 9.5937548e-01 4.8973858e-03
259.0 9.5852003e-01 4.8952018e-03
260.0 9.5916294e-01 4.8968433e-03
261.0 9.6270649e-01 4.9058804e-03
262.0 9.6530118e-01 4.9124871e-03
263.0 9.6642112e-01 4.9153360e-03
264.0 9.6659087e-01 4.9157677e-03
265.0 9.6917479e-01 4.9223338e-03
266.0 9.7057269e-01 4.9258824e-03
267.0 9.6646686e-01 4.9154523e-03
268.0 9.6484534e-01 4.9113271e-03
269.0 9.6552030e-01 4.9130446e-03
270.0 9.6249722e-01 4.9053472e-03
271.0 9.6108315e-01 4.9017425e-03
272.0 9.6009452e-01 4.8992207e-03
273.0 9.5976518e-01 4.8983803e-03
274.0 9.5946768e-01 4.8976211e-03
275.0 9.5920304e-01 4.8969456e-03
276.0 9.6084581e-01 4.9011372e-03
277.0 9.6049301e-01 4.9002373e-03
278.0 9.5998008e-01 4.8989287e-03
279.0 9.5781416e-01 4.8933991e-03
280.0 9.5975114e-01 4.8983445e-03
281.0 9.5888034e-01 4.8961218e-03
282.0 9.5715308e-01 4.8917100e-03
283.0 9.5780058e-01 4.8933644e-03
284.0 9.5662890e-01 4.8903704e-03
285.0 9.5594362e-01 4.8886185e-03
286.0 9.5667779e-01 4.8904954e-03
287.0 9.5632524e-01 4.8895942e-03
288.0 9.6045998e-01 4.9001530e-03
289.0 9.6064236e-01 4.9006182e-03
290.0 9.6174635e-01 4.9034334e-03
291.0 9.5864434e-01 4.8955193e-03
292.0 9.5736598e-01 4.8922540e-03
293.0 9.5562583e-01 4.8878058e-03
294.0 9.5425286e-01 4.8842934e-03
295.0 9.5526739e-01 4.8868891e-03
296.0 9.5726562e-01 4.8919976e-03
297.0 9.5819946e-01 4.8943832e-03
298.0 9.5792634e-01 4.8936856e-03
299.0 9.5710952e-01 4.8915987e-03
300.0 9.5922096e-01 4.8969913e-03
301.0 9.6294076e-01 4.9064773e-03
302.0 9.6328768e-01 4.9073610e-03
303.0 9.6507291e-01 4.9119063e-03
304.0 9.6565267e-01 4.9133814e-03
305.0 9.6714892e-01 4.9171865e-03
306.0 9.6506940e-01 4.9118973e-03
307.0 9.6442478e-01 4.9102566e-03
308.0 9.6509878e-01 4.9119721e-03
309.0 9.6731527e-01 4.9176094e-03
310.0 9.6598976e-01 4.9142389e-03
311.0 9.6256089e-01 4.9055094e-03
312.0 9.6185729e-01 4.9037162e-03
313.0 9.6367300e-01 4.9083424e-03
314.0 9.6109819e-01 4.9017808e-03
315.0 9.5931510e-01 4.8972316e-03
316.0 9.5974906e-01 4.8983392e-03
317.0 9.5969840e-01 4.8982099e-03
318.0 9.6099457e-01 4.9015166e-03
319.0 9.5893357e-01 4.8962577e-03
320.0 9.5861426e-01 4.8954425e-03
321.0 9.6085304e-01 4.9011556e-03
322.0 9.5903056e-01 4.8965053e-03
323.0 9.6172507e-01 4.9033791e-03
324.0 9.6004201e-01 4.8990867e-03
325.0 9.6158964e-01 4.9030339e-03
326.0 9.6123314e-01 4.9021249e-03
327.0 9.5938238e-01 4.8974034e-03
328.0 9.5873827e-01 4.8957591e-03
329.0 9.5982981e-01 4.8985453e-03
330.0 9.5999266e-01 4.8989608e-03
331.0 9.6220065e-01 4.9045914e-03
332.0 9.6464305e-01 4.9108122e-03
333.0 9.6275539e-01 4.9060050e-03
334.0 9.6086195e-01 4.9011783e-03
335.0 9.5875719e-01 4.8958074e-03
336.0 9.5737503e-01 4.8922772e-03
337.0 9.5956364e-01 4.8978660e-03
338.0 9.6067303e-01 4.9006965e-03
339.0 9.5990074e-01 4.8987262e-03
340.0 9.6006454e-01 4.8991442e-03
341.0 9.6265847e-01 4.9057580e-03
342.0 9.6606119e-01 4.9144206e-03
343.0 9.6666693e-01 4.9159611e-03
344.0 9.6207486e-01 4.9042708e-03
345.0 9.6273179e-01 4.9059449e-03
346.0 9.6441492e-01 4.9102315e-03
347.0 9.6496342e-01 4.9116276e-03
348.0 9.6639758e-01 4.9152762e-03
349.0 9.6704256e-01 4.9169161e-03
350.0 9.6492233e-01 4.9115230e-03
351.0 9.6353398e-01 4.9079884e-03
352.0 9.6304446e-01 4.9067415e-03
353.0 9.6501328e-01 4.9117545e-03
354.0 9.6385560e-01 4.9088074e-03
355.0 9.6472305e-01 4.9110158e-03
356.0 9.6531970e-01 4.9125343e-03
357.0 9.6820028e-01 4.9198585e-03
358.0 9.6814783e-01 4.9197252e-03
359.0 9.6512199e-01 4.9120311e-03
360.0 9.6630052e-01 4.9150293e-03
361.0 9.7010670e-01 4.9246998e-03
362.0 9.7128986e-01 4.9277020e-03
363.0 9.6992284e-01 4.9242331e-03
364.0 9.6823414e-01 4.9199445e-03
365.0 9.6659226e-01 4.9157712e-03
366.0 9.7008457e-01 4.9246436e-03
367.0 9.6954396e-01 4.9232712e-03
368.0 9.6838940e-01 4.9203389e-03
369.0 9.6823690e-01 4.9199515e-03
370.0 9.6771610e-01 4.9186281e-03
371.0 9.7042277e-01 4.9255020e-03
372.0 9.6870504e-01 4.9211408e-03
373.0 9.7073336e-01 4.9262901e-03
374.0 9.7098677e-01 4.9269331e-03
375.0 9.7306056e-01 4.9321916e-03
376.0 9.7572472e-01 4.9389390e-03
377.0 9.7581556e-01 4.9391689e-03
378.0 9.7519120e-01 4.9375885e-03
379.0 9.7525099e-01 4.9377399e-03
380.0 9.7505452e-01 4.9372425e-03
381.0 9.7213827e-01 4.9298537e-03
382.0 9.7479494e-01 4.9365852e-03
383.0 9.7506698e-01 4.9372740e-03
384.0 9.7302787e-01 4.9321088e-03
385.0 9.6951632e-01 4.9232010e-03
386.0 9.6556425e-01 4.9131565e-03
387.0 9.6691147e-01 4.9165829e-03
388.0 9.6598624e-01 4.9142300e-03
389.0 9.6522090e-01 4.9122828e-03
390.0 9.6622407e-01 4.9148349e-03
391.0 9.6540087e-01 4.9127408e-03
392.0 9.6636745e-01 4.9151995e-03
393.0 9.6665656e-01 4.9159347e-03
394.0 9.6671542e-01 4.9160844e-03
395.0 9.6400733e-01 4.9091938e-03
396.0 9.6282777e-01 4.9061894e-03
397.0 9.6382111e-01 4.9087196e-03
398.0 9.6288389e-01 4.9063324e-03
399.0 9.6492824e-01 4.9115381e-03
400.0 9.6916803e-01 4.9223166e-03
401.0 9.7035669e-01 4.9253343e-03
402.0 9.7293616e-01 4.9318763e-03
403.0 9.7406225e-01 4.9347296e-03
404.0 9.7319093e-01 4.9325220e-03
405.0 9.7342593e-01 4.9331175e-03
406.0 9.7685149e-01 4.9417899e-03
407.0 9.7584995e-01 4.9392559e-03
408.0 9.7396188e-01 4.9344754e-03
409.0 9.7210861e-01 4.9297785e-03
410.0 9.7165100e-01 4.9286180e-03
411.0 9.6998005e-01 4.9243783e-03
412.0 9.7286525e-01 4.9316966e-03
413.0 9.7311301e-01 4.9323245e-03
414.0 9.7485132e-01 4.9367280e-03
415.0 9.7424842e-01 4.9352012e-03
416.0 9.7217549e-01 4.9299480e-03
417.0 9.6999429e-01 4.9244144e-03
418.0 9.6839389e-01 4.9203504e-03
419.0 9.6916532e-01 4.9223097e-03
420.0 9.7005510e-01 4.9245688e-03
421.0 9.7106737e-01 4.9271375e-03
422.0 9.6859184e-01 4.9208532e-03
423.0 9.6850193e-01 4.9206248e-03
424.0 9.6683535e-01 4.9163893e-03
425.0 9.6762273e-01 4.9183909e-03
426.0 9.6862663e-01 4.9209416e-03
427.0 9.6651111e-01 4.9155649e-03
428.0 9.6821810e-01 4.9199037e-03
429.0 9.7228394e-01 4.9302230e-03
430.0 9.7381145e-01 4.9340943e-03
431.0 9.7342160e-01 4.9331066e-03
432.0 9.7286851e-01 4.9317049e-03
433.0 9.7253264e-01 4.9308535e-03
434.0 9.7117012e-01 4.9273982e-03
435.0 9.7162499e-01 4.9285520e-03
436.0 9.6969221e-01 4.9236476e-03
437.0 9.6644457e-01 4.9153957e-03
438.0 9.6691792e-01 4.9165993e-03
439.0 9.6705134e-01 4.9169385e-03
440.0 9.6618025e-01 4.9147234e-03
441.0 9.6399705e-01 4.9091676e-03
442.0 9.6451131e-01 4.9104769e-03
443.0 9.6311204e-01 4.9069136e-03
444.0 9.6302879e-01 4.9067015e-03
445.0 9.6615666e-01 4.9146634e-03
446.0 9.6736493e-01 4.9177356e-03
447.0 9.6505410e-01 4.9118584e-03
448.0 9.6303425e-01 4.9067155e-03
449.0 9.6345507e-01 4.9077874e-03
450.0 9.6120187e-01 4.9020452e-03
451.0 9.5806956e-01 4.8940514e-03
452.0 9.5901514e-01 4.8964659e-03
453.0 9.5985719e-01 4.8986151e-03
454.0 9.6076133e-01 4.9009217e-03
455.0 9.6149148e-01 4.9027836e-03
456.0 9.6143251e-01 4.9026333e-03
457.0 9.6048207e-01 4.9002094e-03
458.0 9.6158489e-01 4.9030218e-03
459.0 9.6441338e-01 4.9102276e-03
460.0 9.6363655e-01 4.9082496e-03
461.0 9.6202565e-01 4.9041453e-03
462.0 9.6026520e-01 4.8996562e-03
463.0 9.5897136e-01 4.8963542e-03
464.0 9.5961411e-01 4.8979948e-03
465.0 9.5611999e-01 4.8890694e-03
466.0 9.5708485e-01 4.8915357e-03
467.0 9.5854734e-01 4.8952716e-03
468.0 9.5561764e-01 4.8877849e-03
469.0 9.5414380e-01 4.8840142e-03
470.0 9.5463283e-01 4.8852657e-03
471.0 9.5468791e-01 4.8854066e-03
472.0 9.5580480e-01 4.8882635e-03
473.0 9.5581289e-01 4.8882842e-03
474.0 9.5829714e-01 4.8946326e-03
475.0 9.5795235e-01 4.8937521e-03
476.0 9.5659047e-01 4.8902722e-03
477.0 9.5499213e-01 4.8861850e-03
478.0 9.5646620e-01 4.8899545e-03
479.0 9.5682433e-01 4.8908699e-03
480.0 9.5819993e-01 4.8943844e-03
481.0 9.5935011e-01 4.8973210e-03
482.0 9.5612116e-01 4.8890724e-03
483.0 9.5448190e-01 4.8848795e-03
484.0 9.5302922e-01 4.8811608e-03
485.0 9.5194451e-01 4.8783822e-03
486.0 9.5154670e-01 4.8773628e-03
487.0 9.5359486e-01 4.8826091e-03
488.0 9.5598433e-01 4.8887226e-03
489.0 9.5578551e-01 4.8882142e-03
490.0 9.5554889e-01 4.8876091e-03
491.0 9.5475482e-01 4.8855778e-03
492.0 9.5517346e-01 4.8866488e-03
493.0 9.5577126e-01 4.8881778e-03
494.0 9.5738800e-01 4.8923103e-03
495.0 9.5906359e-01 4.8965896e-03
496.0 9.5523260e-01 4.8868001e-03
497.0 9.5522489e-01 4.8867804e-03
498.0 9.5788566e-01 4.8935817e-03
499.0 9.5734809e-01 4.8922084e-03
500.0 9.5959376e-01 4.8979429e-03
501.0 9.5928479e-01 4.8971543e-03
502.0 9.5979126e-01 4.8984469e-03
503.0 9.5804010e-01 4.8939762e-03
504.0 9.5639980e-01 4.8897848e-03
505.0 9.5797802e-01 4.8938176e-03
506.0 9.5966830e-01 4.8981331e-03
507.0 9.5993433e-01 4.8988119e-03
508.0 9.5800186e-01 4.8938785e-03
509.0 9.5822432e-01 4.8944467e-03
510.0 9.6059391e-01 4.9004947e-03
511.0 9.6395148e-01 4.9090516e-03
512.0 9.6341986e-01 4.9076977e-03
513.0 9.6071984e-01 4.9008159e-03
514.0 9.6238687e-01 4.9050659e-03
515.0 9.6209060e-01 4.9043109e-03
516.0 9.6387605e-01 4.9088595e-03
517.0 9.6454633e-01 4.9105660e-03
518.0 9.6314836e-01 4.9070061e-03
519.0 9.6328630e-01 4.9073575e-03
520.0 9.6575540e-01 4.9136428e-03
521.0 9.6554061e-01 4.9130963e-03
522.0 9.6389088e-01 4.9088972e-03
523.0 9.6126396e-01 4.9022035e-03
524.0 9.6009416e-01 4.8992198e-03
525.0 9.5967125e-01 4.8981406e-03
526.0 9.6123662e-01 4.9021338e-03
527.0 9.5959042e-01 4.8979343e-03
528.0 9.6239944e-01 4.9050980e-03
529.0 9.6030236e-01 4.8997509e-03
530.0 9.6453847e-01 4.9105460e-03
531.0 9.6747910e-01 4.9180258e-03
532.0 9.6783294e-01 4.9189251e-03
533.0 9.6512896e-01 4.9120489e-03
534.0 9.6515707e-01 4.9121204e-03
535.0 9.6464983e-01 4.9108295e-03
536.0 9.6258435e-01 4.9055692e-03
537.0 9.6320504e-01 4.9071505e-03
538.0 9.6195530e-01 4.9039660e-03
539.0 9.6090415e-01 4.9012860e-03
540.0 9.6065729e-01 4.9006563e-03
541.0 9.5992786e-01 4.8987954e-03
542.0 9.6370586e-01 4.9084261e-03
543.0 9.6294086e-01 4.9064775e-03
544.0 9.6378254e-01 4.9086214e-03
545.0 9.6415388e-01 4.9095669e-03
546.0 9.6493970e-01 4.9115672e-03
547.0 9.6590027e-01 4.9140113e-03
548.0 9.6737918e-01 4.9177718e-03
549.0 9.6801045e-01 4.9193761e-03
550.0 9.6848522e-01 4.9205824e-03
551.0 9.6857334e-01 4.9208062e-03
552.0 9.6836146e-01 4.9202680e-03
553.0 9.6692269e-01 4.9166114e-03
554.0 9.6689142e-01 4.9165319e-03
555.0 9.6734162e-01 4.9176764e-03
556.0 9.6811933e-01 4.9196528e-03
557.0 9.6854891e-01 4.9207442e-03
558.0 9.6823484e-01 4.9199463e-03
559.0 9.6814327e-01 4.9197136e-03
560.0 9.6727608e-01 4.9175098e-03
561.0 9.6792978e-01 4.9191712e-03
562.0 9.6758285e-01 4.9182895e-03
563.0 9.6796271e-01 4.9192548e-03
564.0 9.6972308e-01 4.9237259e-03
565.0 9.6854996e-01 4.9207468e-03
566.0 9.6979801e-01 4.9239162e-03
567.0 9.6975849e-01 4.9238158e-03
568.0 9.7333238e-01 4.9328805e-03
569.0 9.7296029e-01 4.9319375e-03
570.0 9.7404734e-01 4.9346919e-03
571.0 9.7406973e-01 4.9347486e-03
572.0 9.7165165e-01 4.9286196e-03
573.0 9.7068765e-01 4.9261741e-03
574.0 9.7222100e-01 4.9300634e-03
575.0 9.7155778e-01 4.9283816e-03
576.0 9.6774893e-01 4.9187116e-03
577.0 9.6788241e-01 4.9190508e-03
578.0 9.6598597e-01 4.9142293e-03
579.0 9.6642206e-01 4.9153384e-03
580.0 9.6905719e-01 4.9220351e-03
581.0 9.7054245e-01 4.9258057e-03
582.0 9.7313296e-01 4.9323751e-03
583.0 9.7216120e-01 4.9299118e-03
584.0 9.7186638e-01 4.9291642e-03
585.0 9.7013930e-01 4.9247825e-03
586.0 9.6905972e-01 4.9220416e-03
587.0 9.6744082e-01 4.9179285e-03
588.0 9.6527764e-01 4.9124272e-03
589.0 9.6773552e-01 4.9186775e-03
590.0 9.6432381e-01 4.9099995e-03
591.0 9.6676551e-01 4.9162118e-03
592.0 9.6901902e-01 4.9219382e-03
593.0 9.6987517e-01 4.9241120e-03
594.0 9.6799668e-01 4.9193411e-03
595.0 9.6538153e-01 4.9126916e-03
596.0 9.6459132e-01 4.9106805e-03
597.0 9.6572740e-01 4.9135715e-03
598.0 9.6592105e-01 4.9140641e-03
599.0 9.6419632e-01 4.9096750e-03
600.0 9.6616293e-01 4.9146794e-03
601.0 9.6930437e-01 4.9226628e-03
602.0 9.6886384e-01 4.9215441e-03
603.0 9.6921130e-01 4.9224265e-03
604.0 9.6668572e-01 4.9160089e-03
605.0 9.6604493e-01 4.9143793e-03
606.0 9.6703425e-01 4.9168950e-03
607.0 9.6775762e-01 4.9187337e-03
608.0 9.6689013e-01 4.9165286e-03
609.0 9.6657462e-01 4.9157264e-03
610.0 9.6592518e-01 4.9140746e-03
611.0 9.6558658e-01 4.9132133e-03
612.0 9.6628714e-01 4.9149953e-03
613.0 9.6309612e-01 4.9068731e-03
614.0 9.6305885e-01 4.9067781e-03
615.0 9.6381079e-01 4.9086933e-03
616.0 9.6304356e-01 4.9067392e-03
617.0 9.6236702e-01 4.9050154e-03
618.0 9.6181605e-01 4.9036111e-03
619.0 9.6110318e-01 4.9017935e-03
620.0 9.6131242e-01 4.9023271e-03
621.0 9.6173536e-01 4.9034054e-03
622.0 9.5827019e-01 4.8945638e-03
623.0 9.5962968e-01 4.8980345e-03
624.0 9.5943549e-01 4.8975389e-03
625.0 9.6287994e-01 4.9063223e-03
626.0 9.6108432e-01 4.9017454e-03
627.0 9.5976407e-01 4.8983775e-03
628.0 9.5952620e-01 4.8977704e-03
629.0 9.6054756e-01 4.9003764e-03
630.0 9.5741005e-01 4.8923666e-03
631.0 9.5623933e-01 4.8893745e-03
632.0 9.5749541e-01 4.8925847e-03
633.0 9.5608587e-01 4.8889822e-03
634.0 9.5881187e-01 4.8959470e-03
635.0 9.5819560e-01 4.8943733e-03
636.0 9.5685860e-01 4.8909575e-03
637.0 9.5822701e-01 4.8944536e-03
638.0 9.6115764e-01 4.9019324e-03
639.0 9.6204842e-01 4.9042034e-03
640.0 9.6440524e-01 4.9102068e-03
641.0 9.6739323e-01 4.9178076e-03
642.0 9.6588877e-01 4.9139820e-03
643.0 9.6768601e-01 4.9185517e-03
644.0 9.6511630e-01 4.9120167e-03
645.0 9.6603188e-01 4.9143461e-03
646.0 9.6591680e-01 4.9140533e-03
647.0 9.6810924e-01 4.9196271e-03
648.0 9.7027650e-01 4.9251307e-03
649.0 9.7137061e-01 4.9279068e-03
650.0 9.7183641e-01 4.9290882e-03
651.0 9.7284734e-01 4.9316512e-03
652.0 9.7280889e-01 4.9315538e-03
653.0 9.7269398e-01 4.9312625e-03
654.0 9.7504109e-01 4.9372085e-03
655.0 9.7779523e-01 4.9441765e-03
656.0 9.7745124e-01 4.9433067e-03
657.0 9.7774609e-01 4.9440522e-03
658.0 9.7781015e-01 4.9442142e-03
659.0 9.7496730e-01 4.9370217e-03
660.0 9.7434457e-01 4.9354447e-03
661.0 9.7716001e-01 4.9425702e-03
662.0 9.7568063e-01 4.9388274e-03
663.0 9.7926965e-01 4.9479027e-03
664.0 9.8113256e-01 4.9526068e-03
665.0 9.8173211e-01 4.9541198e-03
666.0 9.8250711e-01 4.9560748e-03
667.0 9.8074800e-01 4.9516361e-03
668.0 9.8007491e-01 4.9499367e-03
669.0 9.8251774e-01 4.9561017e-03
670.0 9.8127154e-01 4.9529576e-03
671.0 9.8295115e-01 4.9571947e-03
672.0 9.8036548e-01 4.9506704e-03
673.0 9.7831130e-01 4.9454811e-03
674.0 9.8143894e-01 4.9533800e-03
675.0 9.8129760e-01 4.9530233e-03
676.0 9.8021620e-01 4.9502935e-03
677.0 9.8239140e-01 4.9557830e-03
678.0 9.8427151e-01 4.9605229e-03
679.0 9.8579506e-01 4.9643607e-03
680.0 9.8446242e-01 4.9610040e-03
681.0 9.8380284e-01 4.9593418e-03
682.0 9.8419415e-01 4.9603280e-03
683.0 9.8518889e-01 4.9628341e-03
684.0 9.8409805e-01 4.9600859e-03
685.0 9.8414835e-01 4.9602126e-03
686.0 9.8440002e-01 4.9608468e-03
687.0 9.8655587e-01 4.9662760e-03
688.0 9.8748591e-01 4.9686163e-03
689.0 9.8465159e-01 4.9614806e-03
690.0 9.8405540e-01 4.9599784e-03
691.0 9.8231989e-01 4.9556026e-03
692.0 9.8312507e-01 4.9576332e-03
693.0 9.8451577e-01 4.9611384e-03
694.0 9.8450787e-01 4.9611185e-03
695.0 9.8391653e-01 4.9596284e-03
696.0 9.8372919e-01 4.9591562e-03
697.0 9.8392950e-01 4.9596610e-03
698.0 9.8260952e-01 4.9563331e-03
699.0 9.8040173e-01 4.9507619e-03
700.0 9.7672126e-01 4.9414605e-03
701.0 9.7881989e-01 4.9467664e-03
702.0 9.7951717e-01 4.9485280e-03
703.0 9.8009512e-01 4.9499877e-03
704.0 9.8214861e-01 4.9551706e-03
705.0 9.7991043e-01 4.9495213e-03
706.0 9.7675148e-01 4.9415369e-03
707.0 9.7729343e-01 4.9429077e-03
708.0 9.7767039e-01 4.9438608e-03
709.0 9.7462898e-01 4.9361650e-03
710.0 9.7520418e-01 4.9376214e-03
711.0 9.7462859e-01 4.9361640e-03
712.0 9.7313719e-01 4.9323858e-03
713.0 9.7251481e-01 4.9308083e-03
714.0 9.6832079e-01 4.9201646e-03
715.0 9.6738445e-01 4.9177852e-03
716.0 9.6627769e-01 4.9149713e-03
717.0 9.6742828e-01 4.9178966e-03
718.0 9.6717944e-01 4.9172641e-03
719.0 9.6829350e-01 4.9200953e-03
720.0 9.6418450e-01 4.9096449e-03
721.0 9.6272525e-01 4.9059282e-03
722.0 9.6386647e-01 4.9088351e-03
723.0 9.6357495e-01 4.9080927e-03
724.0 9.6512950e-01 4.9120503e-03
725.0 9.6212514e-01 4.9043989e-03
726.0 9.6351338e-01 4.9079359e-03
727.0 9.6258361e-01 4.9055673e-03
728.0 9.6149381e-01 4.9027896e-03
729.0 9.6341752e-01 4.9076917e-03
730.0 9.6556688e-01 4.9131632e-03
731.0 9.6743748e-01 4.9179200e-03
732.0 9.7101521e-01 4.9270052e-03
733.0 9.7315839e-01 4.9324396e-03
734.0 9.7185222e-01 4.9291283e-03
735.0 9.7215442e-01 4.9298946e-03
736.0 9.7147590e-01 4.9281739e-03
737.0 9.7496328e-01 4.9370115e-03
738.0 9.7682531e-01 4.9417237e-03
739.0 9.7648114e-01 4.9408531e-03
740.0 9.7781932e-01 4.9442374e-03
741.0 9.7573722e-01 4.9389706e-03
742.0 9.7606276e-01 4.9397945e-03
743.0 9.7438084e-01 4.9355366e-03
744.0 9.7151960e-01 4.9282847e-03
745.0 9.7276329e-01 4.9314382e-03
746.0 9.7439570e-01 4.9355742e-03
747.0 9.7514271e-01 4.9374657e-03
748.0 9.7472006e-01 4.9363956e-03
749.0 9.7258495e-01 4.9309861e-03
750.0 9.7058978e-01 4.9259258e-03
751.0 9.6894267e-01 4.9217443e-03
752.0 9.6865382e-01 4.9210106e-03
753.0 9.7049099e-01 4.9256751e-03
754.0 9.7237960e-01 4.9304655e-03
755.0 9.6954350e-01 4.9232700e-03
756.0 9.6838475e-01 4.9203271e-03
757.0 9.6727645e-01 4.9175107e-03
758.0 9.6300107e-01 4.9066309e-03
759.0 9.6406832e-01 4.9093491e-03
760.0 9.6377256e-01 4.9085960e-03
761.0 9.6384962e-01 4.9087922e-03
762.0 9.6620108e-01 4.9147764e-03
763.0 9.6653004e-01 4.9156130e-03
764.0 9.6588363e-01 4.9139690e-03
765.0 9.6695341e-01 4.9166895e-03
766.0 9.6897055e-01 4.9218151e-03
767.0 9.6945306e-01 4.9230404e-03
768.0 9.7071177e-01 4.9262353e-03
769.0 9.7047126e-01 4.9256250e-03
770.0 9.7034116e-01 4.9252948e-03
771.0 9.7058149e-01 4.9259047e-03
772.0 9.6939784e-01 4.9229002e-03
773.0 9.6846214e-01 4.9205237e-03
774.0 9.7093014e-01 4.9267894e-03
775.0 9.7430906e-01 4.9353548e-03
776.0 9.7694910e-01 4.9420368e-03
777.0 9.7463247e-01 4.9361738e-03
778.0 9.7213220e-01 4.9298383e-03
779.0 9.7019639e-01 4.9249274e-03
780.0 9.7040044e-01 4.9254453e-03
781.0 9.6551273e-01 4.9130254e-03
782.0 9.6488732e-01 4.9114339e-03
783.0 9.6727775e-01 4.9175140e-03
784.0 9.6904538e-01 4.9220052e-03
785.0 9.6834149e-01 4.9202172e-03
786.0 9.6753251e-01 4.9181615e-03
787.0 9.6869900e-01 4.9211254e-03
788.0 9.7028022e-01 4.9251402e-03
789.0 9.6936988e-01 4.9228292e-03
790.0 9.6916768e-01 4.9223157e-03
791.0 9.6821931e-01 4.9199068e-03
792.0 9.6601490e-01 4.9143029e-03
793.0 9.6572227e-01 4.9135585e-03
794.0 9.6534162e-01 4.9125900e-03
795.0 9.6321809e-01 4.9071838e-03
796.0 9.6454285e-01 4.9105572e-03
797.0 9.6545313e-01 4.9128738e-03
798.0 9.6673846e-01 4.9161430e-03
799.0 9.6560752e-01 4.9132666e-03
800.0 9.6236695e-01 4.9050152e-03
801.0 9.6326317e-01 4.9072986e-03
802.0 9.6229037e-01 4.9048200e-03
803.0 9.6089377e-01 4.9012595e-03
804.0 9.5899269e-01 4.8964086e-03
805.0 9.5878458e-01 4.8958773e-03
806.0 9.6171476e-01 4.9033529e-03
807.0 9.6102001e-01 4.9015814e-03
808.0 9.5929324e-01 4.8971758e-03
809.0 9.6062776e-01 4.9005810e-03
810.0 9.6119139e-01 4.9020185e-03
811.0 9.5775759e-01 4.8932545e-03
812.0 9.5909119e-01 4.8966601e-03
813.0 9.6294404e-01 4.9064856e-03
814.0 9.5873249e-01 4.8957443e-03
815.0 9.5677755e-01 4.8907504e-03
816.0 9.5222157e-01 4.8790921e-03
817.0 9.5239131e-01 4.8795269e-03
818.0 9.5437874e-01 4.8846155e-03
819.0 9.5498904e-01 4.8861770e-03
820.0 9.5759335e-01 4.8928350e-03
821.0 9.5922387e-01 4.8969988e-03
822.0 9.6232408e-01 4.9049059e-03
823.0 9.6448234e-01 4.9104031e-03
824.0 9.6397042e-01 4.9090998e-03
825.0 9.6433764e-01 4.9100348e-03
826.0 9.6286891e-01 4.9062942e-03
827.0 9.6273278e-01 4.9059474e-03
828.0 9.6292701e-01 4.9064423e-03
829.0 9.6289110e-01 4.9063508e-03
830.0 9.6538046e-01 4.9126888e-03
831.0 9.6489516e-01 4.9114539e-03
832.0 9.6344736e-01 4.9077677e-03
833.0 9.6210907e-01 4.9043580e-03
834.0 9.6335325e-01 4.9075280e-03
835.0 9.6126889e-01 4.9022161e-03
836.0 9.6105100e-01 4.9016605e-03
837.0 9.6346965e-01 4.9078245e-03
838.0 9.6416386e-01 4.9095923e-03
839.0 9.6412435e-01 4.9094917e-03
840.0 9.6411326e-01 4.9094635e-03
841.0 9.6276092e-01 4.9060191e-03
842.0 9.6132641e-01 4.9023628e-03
843.0 9.6114165e-01 4.9018916e-03
844.0 9.6172985e-01 4.9033913e-03
845.0 9.6355046e-01 4.9080303e-03
846.0 9.6400820e-01 4.9091960e-03
847.0 9.6645727e-01 4.9154280e-03
848.0 9.6926793e-01 4.9225703e-03
849.0 9.7059097e-01 4.9259288e-03
850.0 9.7284339e-01 4.9316412e-03
851.0 9.7109133e-01 4.9271983e-03
852.0 9.6915819e-01 4.9222917e-03
853.0 9.7008908e-01 4.9246550e-03
854.0 9.6773980e-01 4.9186884e-03
855.0 9.6733515e-01 4.9176599e-03
856.0 9.6877142e-01 4.9213093e-03
857.0 9.7130519e-01 4.9277409e-03
858.0 9.7079094e-01 4.9264362e-03
859.0 9.6976356e-01 4.9238287e-03
860.0 9.7035552e-01 4.9253313e-03
861.0 9.6860028e-01 4.9208747e-03
862.0 9.6836233e-01 4.9202702e-03
863.0 9.6833505e-01 4.9202009e-03
864.0 9.6847318e-01 4.9205518e-03
865.0 9.6856482e-01 4.9207846e-03
866.0 9.6730962e-01 4.9175950e-03
867.0 9.6607261e-01 4.9144497e-03
868.0 9.6493443e-01 4.9115538e-03
869.0 9.6229126e-01 4.9048223e-03
870.0 9.6304370e-01 4.9067395e-03
871.0 9.6475334e-01 4.9110929e-03
872.0 9.6622980e-01 4.9148495e-03
873.0 9.6590282e-01 4.9140178e-03
874.0 9.6460908e-01 4.9107257e-03
875.0 9.6592884e-01 4.9140840e-03
876.0 9.6720236e-01 4.9173224e-03
877.0 9.6762033e-01 4.9183847e-03
878.0 9.7065585e-01 4.9260934e-03
879.0 9.7067769e-01 4.9261489e-03
880.0 9.7028879e-01 4.9251619e-03
881.0 9.6964255e-01 4.9235215e-03
882.0 9.6705707e-01 4.9169530e-03
883.0 9.6828962e-01 4.9200854e-03
884.0 9.6813085e-01 4.9196821e-03
885.0 9.6908228e-01 4.9220989e-03
886.0 9.7226674e-01 4.9301794e-03
887.0 9.7163184e-01 4.9285694e-03
888.0 9.6763125e-01 4.9184125e-03
889.0 9.6850662e-01 4.9206367e-03
890.0 9.6896248e-01 4.9217946e-03
891.0 9.6763673e-01 4.9184264e-03
892.0 9.6849071e-01 4.9205963e-03
893.0 9.6976403e-01 4.9238299e-03
894.0 9.6829126e-01 4.9200896e-03
895.0 9.6787362e-01 4.9190284e-03
896.0 9.7031241e-01 4.9252219e-03
897.0 9.6920883e-01 4.9224203e-03
898.0 9.6940231e-01 4.9229115e-03
899.0 9.6493978e-01 4.9115674e-03
900.0 9.6253444e-01 4.9054420e-03
901.0 9.6295570e-01 4.9065153e-03
902.0 9.6515280e-01 4.9121096e-03
903.0 9.6310833e-01 4.9069042e-03
904.0 9.6325288e-01 4.9072724e-03
905.0 9.6280591e-01 4.9061337e-03
906.0 9.6454261e-01 4.9105565e-03
907.0 9.6250999e-01 4.9053797e-03
908.0 9.6347191e-01 4.9078303e-03
909.0 9.6247496e-01 4.9052904e-03
910.0 9.6314112e-01 4.9069877e-03
911.0 9.6333050e-01 4.9074701e-03
912.0 9.6305300e-01 4.9067632e-03
913.0 9.6399700e-01 4.9091675e-03
914.0 9.6426447e-01 4.9098485e-03
915.0 9.6413162e-01 4.9095102e-03
916.0 9.6373924e-01 4.9085111e-03
917.0 9.6398147e-01 4.9091279e-03
918.0 9.6445719e-01 4.9103391e-03
919.0 9.6296324e-01 4.9065345e-03
920.0 9.6248043e-01 4.9053044e-03
921.0 9.6083917e-01 4.9011202e-03
922.0 9.6089001e-01 4.9012499e-03
923.0 9.6013196e-01 4.8993162e-03
924.0 9.6167110e-01 4.9032416e-03
925.0 9.6304683e-01 4.9067475e-03
926.0 9.6152230e-01 4.9028622e-03
927.0 9.6184192e-01 4.9036770e-03
928.0 9.6302616e-01 4.9066948e-03
929.0 9.6277992e-01 4.9060675e-03
930.0 9.6172285e-01 4.9033735e-03
931.0 9.6013747e-01 4.8993302e-03
932.0 9.6179264e-01 4.9035514e-03
933.0 9.6345221e-01 4.9077801e-03
934.0 9.6324851e-01 4.9072613e-03
935.0 9.6464455e-01 4.9108160e-03
936.0 9.5981709e-01 4.8985128e-03
937.0 9.6218418e-01 4.9045494e-03
938.0 9.6216970e-01 4.9045125e-03
939.0 9.6260406e-01 4.9056194e-03
940.0 9.6215359e-01 4.9044714e-03
941.0 9.6475202e-01 4.9110896e-03
942.0 9.6310408e-01 4.9068933e-03
943.0 9.6570217e-01 4.9135074e-03
944.0 9.6646586e-01 4.9154498e-03
945.0 9.6763015e-01 4.9184097e-03
946.0 9.6710897e-01 4.9170849e-03
947.0 9.6495312e-01 4.9116014e-03
948.0 9.6672170e-01 4.9161004e-03
949.0 9.6731499e-01 4.9176087e-03
950.0 9.6974712e-01 4.9237870e-03
951.0 9.6936657e-01 4.9228208e-03
952.0 9.6876108e-01 4.9212831e-03
953.0 9.7124473e-01 4.9275875e-03
954.0 9.7442439e-01 4.9356469e-03
955.0 9.7445471e-01 4.9357237e-03
956.0 9.7303554e-01 4.9321282e-03
957.0 9.7443001e-01 4.9356611e-03
958.0 9.7405701e-01 4.9347164e-03
959.0 9.7499397e-01 4.9370892e-03
960.0 9.7460409e-01 4.9361020e-03
961.0 9.7716937e-01 4.9425939e-03
962.0 9.7589141e-01 4.9393608e-03
963.0 9.7656993e-01 4.9410777e-03
964.0 9.7569017e-01 4.9388515e-03
965.0 9.7512931e-01 4.9374318e-03
966.0 9.7435496e-01 4.9354710e-03
967.0 9.7566178e-01 4.9387797e-03
968.0 9.7718100e-01 4.9426233e-03
969.0 9.7802543e-01 4.9447584e-03
970.0 9.7767935e-01 4.9438835e-03
971.0 9.7787907e-01 4.9443884e-03
972.0 9.7920550e-01 4.9477407e-03
973.0 9.8083013e-01 4.9518434e-03
974.0 9.7595254e-01 4.9395155e-03
975.0 9.7542720e-01 4.9381859e-03
976.0 9.7504434e-01 4.9372167e-03
977.0 9.7614113e-01 4.9399928e-03
978.0 9.7594277e-01 4.9394908e-03
979.0 9.7705452e-01 4.9423034e-03
980.0 9.7523191e-01 4.9376916e-03
981.0 9.7548431e-01 4.9383305e-03
982.0 9.7697224e-01 4.9420953e-03
983.0 9.7443137e-01 4.9356645e-03
984.0 9.7863120e-01 4.9462896e-03
985.0 9.8067561e-01 4.9514534e-03
986.0 9.8041363e-01 4.9507920e-03
987.0 9.7898647e-01 4.9471873e-03
988.0 9.7854329e-01 4.9460674e-03
989.0 9.7858517e-01 4.9461732e-03
990.0 9.7925895e-01 4.9478757e-03
991.0 9.8161448e-01 4.9538230e-03
992.0 9.8058270e-01 4.9512188e-03
993.0 9.8144224e-01 4.9533884e-03
994.0 9.7904777e-01 4.9473422e-03
995.0 9.7821184e-01 4.9452296e-03
996.0 9.7879047e-01 4.9466920e-03
997.0 9.7983327e-01 4.9493264e-03
998.0 9.7838862e-01 4.9456765e-03
999.0 9.7754847e-01 4.9435526e-03
1000.0 9.7998881e-01 4.9497192e-03
