1.0 9.3529968e-01 4.8355447e-03
6.0 9.4840433e-01 4.8693027e-03
11.0 9.5728488e-01 4.8920468e-03
16.0 9.2603529e-01 4.8115364e-03
21.0 9.0761521e-01 4.7634421e-03
26.0 9.0927368e-01 4.7677922e-03
31.0 9.0688569e-01 4.7615273e-03
36.0 9.1972951e-01 4.7951265e-03
41.0 9.0092911e-01 4.7458643e-03
46.0 9.0244102e-01 4.7498448e-03
51.0 9.0149170e-01 4.7473459e-03
56.0 9.1591342e-01 4.7851683e-03
61.0 9.2747129e-01 4.8152656e-03
66.0 9.1791439e-01 4.7903925e-03
71.0 9.3248320e-01 4.8282585e-03
76.0 9.3581653e-01 4.8368806e-03
81.0 9.2669668e-01 4.8132543e-03
86.0 9.2983498e-01 4.8213976e-03
91.0 9.3549841e-01 4.8360584e-03
96.0 9.3279168e-01 4.8290571e-03
101.0 9.2775383e-01 4.8159990e-03
106.0 9.1266344e-01 4.7766710e-03
111.0 9.3252758e-01 4.8283734e-03
116.0 9.3735715e-01 4.8408603e-03
121.0 9.4329766e-01 4.8561756e-03
126.0 9.4377079e-01 4.8573933e-03
131.0 9.4167047e-01 4.8519854e-03
136.0 9.2370375e-01 4.8054754e-03
141.0 9.2561244e-01 4.8104377e-03
146.0 9.2999639e-01 4.8218161e-03
151.0 9.2632018e-01 4.8122765e-03
156.0 9.3114216e-01 4.8247854e-03
161.0 9.3832550e-01 4.8433602e-03
166.0 9.4477743e-01 4.8599831e-03
171.0 9.5333855e-01 4.8819529e-03
176.0 9.4355213e-01 4.8568306e-03
181.0 9.6962580e-01 4.9234790e-03
186.0 9.5520863e-01 4.8867388e-03
191.0 9.4144630e-01 4.8514078e-03
196.0 9.3707155e-01 4.8401228e-03
201.0 9.2809301e-01 4.8168792e-03
206.0 9.3858157e-01 4.8440210e-03
211.0 9.6619109e-01 4.9147510e-03
216.0 9.7477934e-01 4.9365457e-03
221.0 9.6094112e-01 4.9013802e-03
226.0 9.4778800e-01 4.8677202e-03
231.0 9.4451722e-01 4.8593138e-03
236.0 9.4975771e-01 4.8727757e-03
241.0 9.4122594e-01 4.8508400e-03
246.0 9.3575564e-01 4.8367232e-03
251.0 9.4101117e-01 4.8502865e-03
256.0 9.4676066e-01 4.8650814e-03
261.0 9.5205454e-01 4.8786641e-03
266.0 9.1706769e-01 4.7881826e-03
271.0 9.1437592e-01 4.7811503e-03
276.0 9.1977235e-01 4.7952382e-03
281.0 9.2184962e-01 4.8006500e-03
286.0 9.4461736e-01 4.8595714e-03
291.0 9.3290668e-01 4.8293548e-03
296.0 9.3407626e-01 4.8323811e-03
301.0 9.4642198e-01 4.8642111e-03
306.0 9.4439395e-01 4.8589967e-03
311.0 9.4831846e-01 4.8690822e-03
316.0 9.6777832e-01 4.9187863e-03
321.0 9.6298736e-01 4.9065960e-03
326.0 9.6141537e-01 4.9025896e-03
331.0 9.6721388e-01 4.9173516e-03
336.0 9.5717285e-01 4.8917606e-03
341.0 9.4393349e-01 4.8578120e-03
346.0 9.3449512e-01 4.8334644e-03
351.0 9.1483450e-01 4.7823491e-03
356.0 9.3333950e-01 4.8304749e-03
361.0 9.2401058e-01 4.8062735e-03
366.0 9.4399039e-01 4.8579584e-03
371.0 9.3707568e-01 4.8401335e-03
376.0 9.6713199e-01 4.9171435e-03
381.0 9.6913091e-01 4.9222224e-03
386.0 9.3364384e-01 4.8312624e-03
391.0 9.4934847e-01 4.8717258e-03
396.0 9.5515046e-01 4.8865900e-03
401.0 9.5380245e-01 4.8831405e-03
406.0 9.3564445e-01 4.8364358e-03
411.0 9.3652385e-01 4.8387082e-03
416.0 9.3508883e-01 4.8349996e-03
421.0 9.4799288e-01 4.8682463e-03
426.0 9.7327391e-01 4.9327323e-03
431.0 9.6474375e-01 4.9110685e-03
436.0 9.5321662e-01 4.8816407e-03
441.0 9.3971470e-01 4.8469442e-03
446.0 9.2025310e-01 4.7964912e-03
451.0 9.1447579e-01 4.7814114e-03
456.0 9.1895174e-01 4.7930986e-03
461.0 9.0204249e-01 4.7487959e-03
466.0 9.1727516e-01 4.7887242e-03
471.0 9.2178827e-01 4.8004903e-03
476.0 9.2187359e-01 4.8007124e-03
481.0 9.5463754e-01 4.8852778e-03
486.0 9.3160128e-01 4.8259748e-03
491.0 9.3188324e-01 4.8267050e-03
496.0 9.4584813e-01 4.8627362e-03
501.0 9.2572303e-01 4.8107251e-03
506.0 9.3453848e-01 4.8335765e-03
511.0 9.1963516e-01 4.7948805e-03
516.0 9.1463096e-01 4.7818170e-03
521.0 9.2632947e-01 4.8123006e-03
526.0 9.1828175e-01 4.7913510e-03
531.0 9.0129908e-01 4.7468387e-03
536.0 8.9281067e-01 4.7244330e-03
541.0 8.9971520e-01 4.7426660e-03
546.0 9.0308516e-01 4.7515397e-03
551.0 9.0790878e-01 4.7642124e-03
556.0 9.2492445e-01 4.8086496e-03
561.0 9.2051383e-01 4.7971706e-03
566.0 9.4760630e-01 4.8672536e-03
571.0 9.1287375e-01 4.7772214e-03
576.0 9.3363920e-01 4.8312504e-03
581.0 9.2736137e-01 4.8149802e-03
586.0 9.4753767e-01 4.8670774e-03
591.0 9.3842683e-01 4.8436217e-03
596.0 9.4708759e-01 4.8659213e-03
601.0 9.3471320e-01 4.8340284e-03
606.0 9.4974726e-01 4.8727489e-03
611.0 9.4362921e-01 4.8570290e-03
616.0 9.5521618e-01 4.8867581e-03
621.0 9.6022651e-01 4.8995574e-03
626.0 9.8170586e-01 4.9540536e-03
631.0 9.6912805e-01 4.9222151e-03
636.0 9.5078749e-01 4.8754166e-03
641.0 9.2793411e-01 4.8164668e-03
646.0 9.2541361e-01 4.8099210e-03
651.0 9.1532457e-01 4.7836298e-03
656.0 9.4409930e-01 4.8582386e-03
661.0 9.4280822e-01 4.8549156e-03
666.0 9.2761610e-01 4.8156415e-03
671.0 9.2877162e-01 4.8186399e-03
676.0 9.1290222e-01 4.7772958e-03
681.0 9.3265756e-01 4.8287099e-03
686.0 9.2359336e-01 4.8051883e-03
691.0 9.3421471e-01 4.8327392e-03
696.0 9.4069637e-01 4.8494752e-03
701.0 9.3722436e-01 4.8405174e-03
706.0 9.1787620e-01 4.7902928e-03
711.0 9.2720968e-01 4.8145864e-03
716.0 9.2925527e-01 4.8198944e-03
721.0 9.3557775e-01 4.8362634e-03
726.0 9.2637552e-01 4.8124202e-03
731.0 9.2206891e-01 4.8012210e-03
736.0 9.2024511e-01 4.7964704e-03
741.0 9.5013357e-01 4.8737398e-03
746.0 9.3065143e-01 4.8235139e-03
751.0 9.1284629e-01 4.7771495e-03
756.0 9.0193547e-01 4.7485142e-03
761.0 9.2700607e-01 4.8140577e-03
766.0 9.4841450e-01 4.8693288e-03
771.0 9.5950023e-01 4.8977042e-03
776.0 9.6784348e-01 4.9189519e-03
781.0 9.5051978e-01 4.8747302e-03
786.0 9.5027219e-01 4.8740953e-03
791.0 9.4853586e-01 4.8696403e-03
796.0 9.3602083e-01 4.8374085e-03
801.0 9.4558526e-01 4.8620604e-03
806.0 9.4057827e-01 4.8491708e-03
811.0 9.3847047e-01 4.8437343e-03
816.0 9.5064439e-01 4.8750497e-03
821.0 9.5357871e-01 4.8825678e-03
826.0 9.6234846e-01 4.9049681e-03
831.0 9.6461863e-01 4.9107500e-03
836.0 9.3564042e-01 4.8364254e-03
841.0 9.4435500e-01 4.8588965e-03
846.0 9.4300662e-01 4.8554264e-03
851.0 9.5222051e-01 4.8790894e-03
856.0 9.5486218e-01 4.8858525e-03
861.0 9.4657178e-01 4.8645961e-03
866.0 9.5279074e-01 4.8805500e-03
871.0 9.6704001e-01 4.9169097e-03
876.0 9.4220779e-01 4.8533695e-03
881.0 9.5591745e-01 4.8885516e-03
886.0 9.6885153e-01 4.9215128e-03
891.0 9.8190265e-01 4.9545501e-03
896.0 9.9934049e-01 4.9983510e-03
901.0 9.8908949e-01 4.9726489e-03
906.0 9.8482301e-01 4.9619125e-03
911.0 9.8768236e-01 4.9691105e-03
916.0 9.8495927e-01 4.9622557e-03
921.0 9.7726313e-01 4.9428310e-03
926.0 9.7131142e-01 4.9277567e-03
931.0 9.6336255e-01 4.9075517e-03
936.0 9.4567105e-01 4.8622810e-03
941.0 9.3761386e-01 4.8415232e-03
946.0 9.5051669e-01 4.8747223e-03
951.0 9.3107309e-01 4.8246065e-03
956.0 9.3449914e-01 4.8334748e-03
961.0 9.5159927e-01 4.8774975e-03
966.0 9.6315507e-01 4.9070232e-03
971.0 9.6116710e-01 4.9019565e-03
976.0 9.5035076e-01 4.8742968e-03
981.0 9.1698168e-01 4.7879580e-03
986.0 9.2268181e-01 4.8028164e-03
991.0 9.3234870e-01 4.8279103e-03
996.0 9.1213347e-01 4.7752840e-03
1001.0 9.3043830e-01 4.8229615e-03
1006.0 9.4512777e-01 4.8608841e-03
1011.0 9.5643481e-01 4.8898743e-03
1016.0 9.7802035e-01 4.9447456e-03
1021.0 9.6351993e-01 4.9079526e-03
1026.0 9.8015847e-01 4.9501477e-03
1031.0 9.6977063e-01 4.9238467e-03
1036.0 9.5459071e-01 4.8851579e-03
1041.0 9.5156085e-01 4.8773990e-03
1046.0 9.5885498e-01 4.8960571e-03
1051.0 9.7009711e-01 4.9246754e-03
1056.0 9.6187352e-01 4.9037576e-03
1061.0 9.5986201e-01 4.8986274e-03
1066.0 9.3684663e-01 4.8395419e-03
1071.0 9.3050668e-01 4.8231387e-03
1076.0 9.3382840e-01 4.8317399e-03
1081.0 9.3601623e-01 4.8373966e-03
1086.0 9.4582934e-01 4.8626879e-03
1091.0 9.5003795e-01 4.8734945e-03
1096.0 9.5548786e-01 4.8874530e-03
1101.0 9.4746128e-01 4.8668812e-03
1106.0 9.5260408e-01 4.8800719e-03
1111.0 9.4941002e-01 4.8718837e-03
1116.0 9.5556501e-01 4.8876503e-03
1121.0 9.7327569e-01 4.9327368e-03
1126.0 9.8347687e-01 4.9585201e-03
1131.0 9.6524026e-01 4.9123321e-03
1136.0 9.7253255e-01 4.9308533e-03
1141.0 9.7619682e-01 4.9401337e-03
1146.0 9.7124536e-01 4.9275891e-03
1151.0 9.5319979e-01 4.8815976e-03
1156.0 9.3188036e-01 4.8266976e-03
1161.0 9.5123650e-01 4.8765677e-03
1166.0 9.3651500e-01 4.8386853e-03
1171.0 9.6860605e-01 4.9208893e-03
1176.0 9.6169934e-01 4.9033136e-03
1181.0 9.3195913e-01 4.8269015e-03
1186.0 9.3131429e-01 4.8252313e-03
1191.0 9.2847371e-01 4.8178671e-03
1196.0 9.1260791e-01 4.7765257e-03
1201.0 9.3427333e-01 4.8328908e-03
1206.0 9.3779029e-01 4.8419787e-03
1211.0 9.3332105e-01 4.8304272e-03
1216.0 9.2402004e-01 4.8062981e-03
1221.0 9.4050227e-01 4.8489749e-03
1226.0 9.4045455e-01 4.8488518e-03
1231.0 9.5832847e-01 4.8947127e-03
1236.0 9.5302992e-01 4.8811626e-03
1241.0 9.7706680e-01 4.9423345e-03
1246.0 9.5085480e-01 4.8755892e-03
1251.0 9.2901360e-01 4.8192676e-03
1256.0 9.3613643e-01 4.8377072e-03
1261.0 9.3729105e-01 4.8406897e-03
1266.0 9.3933882e-01 4.8459747e-03
1271.0 9.2976479e-01 4.8212156e-03
1276.0 9.4021525e-01 4.8482349e-03
1281.0 9.5420647e-01 4.8841747e-03
1286.0 9.5477861e-01 4.8856387e-03
1291.0 9.1686986e-01 4.7876661e-03
1296.0 9.4290761e-01 4.8551715e-03
1301.0 9.4816430e-01 4.8686865e-03
1306.0 9.4545072e-01 4.8617145e-03
1311.0 9.4881699e-01 4.8703619e-03
1316.0 9.6170146e-01 4.9033190e-03
1321.0 9.3701756e-01 4.8399834e-03
1326.0 9.4336045e-01 4.8563373e-03
1331.0 9.2299003e-01 4.8036185e-03
1336.0 9.4965331e-01 4.8725079e-03
1341.0 9.3894115e-01 4.8449488e-03
1346.0 9.5521533e-01 4.8867559e-03
1351.0 9.2562173e-01 4.8104619e-03
1356.0 9.1725187e-01 4.7886634e-03
1361.0 9.0120664e-01 4.7465952e-03
1366.0 9.1610877e-01 4.7856786e-03
1371.0 9.0721502e-01 4.7623918e-03
1376.0 9.1524782e-01 4.7834293e-03
1381.0 9.3027680e-01 4.8225429e-03
1386.0 9.4640380e-01 4.8641644e-03
1391.0 9.5709793e-01 4.8915691e-03
1396.0 9.6092468e-01 4.9013383e-03
1401.0 9.4657508e-01 4.8646045e-03
1406.0 9.5951075e-01 4.8977310e-03
1411.0 9.4783277e-01 4.8678352e-03
1416.0 9.6656992e-01 4.9157144e-03
1421.0 9.7833524e-01 4.9455415e-03
1426.0 9.6307931e-01 4.9068302e-03
1431.0 9.4871488e-01 4.8700998e-03
1436.0 9.5239652e-01 4.8795403e-03
1441.0 9.6569375e-01 4.9134859e-03
1446.0 9.6429875e-01 4.9099357e-03
1451.0 9.6260048e-01 4.9056103e-03
1456.0 9.8757359e-01 4.9688369e-03
1461.0 9.8463775e-01 4.9614458e-03
1466.0 9.5591185e-01 4.8885373e-03
1471.0 9.6133353e-01 4.9023809e-03
1476.0 9.5272291e-01 4.8803763e-03
1481.0 9.4619549e-01 4.8636291e-03
1486.0 9.5475112e-01 4.8855684e-03
1491.0 9.3686203e-01 4.8395817e-03
1496.0 9.5574694e-01 4.8881156e-03
1501.0 9.8920245e-01 4.9729329e-03
1506.0 9.7187979e-01 4.9291982e-03
1511.0 9.8028596e-01 4.9504696e-03
1516.0 9.4736066e-01 4.8666227e-03
1521.0 9.6182409e-01 4.9036316e-03
1526.0 9.5595426e-01 4.8886457e-03
1531.0 9.6575569e-01 4.9136435e-03
1536.0 9.4828696e-01 4.8690014e-03
1541.0 9.1246533e-01 4.7761526e-03
1546.0 9.3122879e-01 4.8250098e-03
1551.0 9.4423996e-01 4.8586006e-03
1556.0 9.2995276e-01 4.8217029e-03
1561.0 9.4163616e-01 4.8518970e-03
1566.0 9.3308875e-01 4.8298260e-03
1571.0 9.2377902e-01 4.8056712e-03
1576.0 9.2135462e-01 4.7993610e-03
1581.0 9.1395302e-01 4.7800445e-03
1586.0 9.2482077e-01 4.8083801e-03
1591.0 9.2626830e-01 4.8121417e-03
1596.0 9.0134502e-01 4.7469596e-03
1601.0 9.1625468e-01 4.7860597e-03
1606.0 9.1681482e-01 4.7875224e-03
1611.0 9.2773440e-01 4.8159485e-03
1616.0 9.2417152e-01 4.8066920e-03
1621.0 9.4594679e-01 4.8629898e-03
1626.0 9.5013431e-01 4.8737417e-03
1631.0 9.6344166e-01 4.9077532e-03
1636.0 9.5559436e-01 4.8877254e-03
1641.0 9.5230021e-01 4.8792936e-03
1646.0 9.5208723e-01 4.8787479e-03
1651.0 9.7903002e-01 4.9472973e-03
1656.0 9.7473202e-01 4.9364259e-03
1661.0 9.7385078e-01 4.9341939e-03
1666.0 9.6367776e-01 4.9083545e-03
1671.0 9.5776465e-01 4.8932726e-03
1676.0 9.5244716e-01 4.8796700e-03
1681.0 9.6569049e-01 4.9134777e-03
1686.0 9.5032302e-01 4.8742257e-03
1691.0 9.5215145e-01 4.8789124e-03
1696.0 9.4702176e-01 4.8657522e-03
1701.0 9.4977883e-01 4.8728299e-03
1706.0 9.6427789e-01 4.9098826e-03
1711.0 9.6408040e-01 4.9093798e-03
1716.0 9.5208955e-01 4.8787538e-03
1721.0 9.5282040e-01 4.8806260e-03
1726.0 9.5245469e-01 4.8796893e-03
1731.0 9.7019856e-01 4.9249329e-03
1736.0 9.6254191e-01 4.9054611e-03
1741.0 9.5337042e-01 4.8820345e-03
1746.0 9.4984735e-01 4.8730056e-03
1751.0 9.6387387e-01 4.9088539e-03
1756.0 9.3625881e-01 4.8380234e-03
1761.0 9.6655267e-01 4.9156705e-03
1766.0 9.6107532e-01 4.9017225e-03
1771.0 9.6618875e-01 4.9147451e-03
1776.0 9.6159146e-01 4.9030385e-03
1781.0 9.3899045e-01 4.8450760e-03
1786.0 9.2817708e-01 4.8170974e-03
1791.0 9.2815458e-01 4.8170390e-03
1796.0 9.2656706e-01 4.8129177e-03
1801.0 9.2642584e-01 4.8125509e-03
1806.0 9.1436339e-01 4.7811176e-03
1811.0 9.1314984e-01 4.7779437e-03
1816.0 9.3078940e-01 4.8238714e-03
1821.0 9.0548415e-01 4.7578466e-03
1826.0 9.0969961e-01 4.7689087e-03
1831.0 9.2099207e-01 4.7984166e-03
1836.0 9.3363839e-01 4.8312483e-03
1841.0 9.2987846e-01 4.8215103e-03
1846.0 9.2020202e-01 4.7963581e-03
1851.0 9.3006470e-01 4.8219931e-03
1856.0 9.4372701e-01 4.8572807e-03
1861.0 9.4868261e-01 4.8700170e-03
1866.0 9.5224285e-01 4.8791466e-03
1871.0 9.4334610e-01 4.8563003e-03
1876.0 9.4685732e-01 4.8653297e-03
1881.0 9.3265718e-01 4.8287089e-03
1886.0 9.3720055e-01 4.8404560e-03
1891.0 9.3432359e-01 4.8330208e-03
1896.0 9.3468594e-01 4.8339579e-03
1901.0 9.4309355e-01 4.8556502e-03
1906.0 9.5208071e-01 4.8787312e-03
1911.0 9.3021270e-01 4.8223768e-03
1916.0 9.4837860e-01 4.8692366e-03
1921.0 9.3170985e-01 4.8262560e-03
1926.0 9.3611554e-01 4.8376532e-03
1931.0 9.3626427e-01 4.8380375e-03
1936.0 9.4710074e-01 4.8659551e-03
1941.0 9.4865016e-01 4.8699337e-03
1946.0 9.4918751e-01 4.8713127e-03
1951.0 9.5324822e-01 4.8817216e-03
1956.0 9.3477884e-01 4.8341981e-03
1961.0 9.5695545e-01 4.8912050e-03
1966.0 9.6414464e-01 4.9095434e-03
1971.0 9.6256902e-01 4.9055301e-03
1976.0 9.4891910e-01 4.8706240e-03
1981.0 9.5376618e-01 4.8830477e-03
1986.0 9.4565390e-01 4.8622369e-03
1991.0 9.5242180e-01 4.8796050e-03
1996.0 9.7036011e-01 4.9253429e-03
2001.0 9.5726864e-01 4.8920053e-03
2006.0 9.3042588e-01 4.8229293e-03
2011.0 9.3911973e-01 4.8454095e-03
2016.0 9.2236393e-01 4.8019890e-03
2021.0 9.0900121e-01 4.7670778e-03
2026.0 8.9927630e-01 4.7415090e-03
2031.0 9.2500938e-01 4.8088704e-03
2036.0 9.4003557e-01 4.8477716e-03
2041.0 9.4158562e-01 4.8517668e-03
2046.0 9.2826781e-01 4.8173328e-03
2051.0 9.3565554e-01 4.8364645e-03
2056.0 9.2221734e-01 4.8016074e-03
2061.0 9.2770909e-01 4.8158828e-03
2066.0 9.3751450e-01 4.8412666e-03
2071.0 9.3566547e-01 4.8364902e-03
2076.0 9.4598696e-01 4.8630931e-03
2081.0 9.4918078e-01 4.8712955e-03
2086.0 9.2468377e-01 4.8080240e-03
2091.0 9.2533661e-01 4.8097209e-03
2096.0 9.3547783e-01 4.8360052e-03
2101.0 9.2951217e-01 4.8205606e-03
2106.0 9.2355666e-01 4.8050928e-03
2111.0 9.3653178e-01 4.8387286e-03
2116.0 9.3272617e-01 4.8288875e-03
2121.0 9.0859938e-01 4.7660240e-03
2126.0 9.3121827e-01 4.8249826e-03
2131.0 9.4495084e-01 4.8604291e-03
2136.0 9.5099221e-01 4.8759415e-03
2141.0 9.3798376e-01 4.8424781e-03
2146.0 9.4053755e-01 4.8490658e-03
2151.0 9.2360923e-01 4.8052295e-03
2156.0 9.2917278e-01 4.8196805e-03
2161.0 9.3614982e-01 4.8377418e-03
2166.0 9.5240532e-01 4.8795628e-03
2171.0 9.3435155e-01 4.8330931e-03
2176.0 9.3417840e-01 4.8326453e-03
2181.0 9.5063394e-01 4.8750230e-03
2186.0 9.3830526e-01 4.8433079e-03
2191.0 9.3839420e-01 4.8435375e-03
2196.0 9.3778752e-01 4.8419715e-03
2201.0 9.3653514e-01 4.8387373e-03
2206.0 9.3568642e-01 4.8365443e-03
2211.0 9.4726432e-01 4.8663753e-03
2216.0 9.4162695e-01 4.8518732e-03
2221.0 9.5073608e-01 4.8752848e-03
2226.0 9.4185652e-01 4.8524646e-03
2231.0 9.4744379e-01 4.8668362e-03
2236.0 9.3285367e-01 4.8292175e-03
2241.0 9.3489800e-01 4.8345062e-03
2246.0 9.5191003e-01 4.8782939e-03
2251.0 9.4177578e-01 4.8522567e-03
2256.0 9.3264368e-01 4.8286740e-03
2261.0 9.2446396e-01 4.8074525e-03
2266.0 9.3748835e-01 4.8411991e-03
2271.0 9.3289407e-01 4.8293221e-03
2276.0 9.2345484e-01 4.8048279e-03
2281.0 9.2619476e-01 4.8119507e-03
2286.0 9.1536805e-01 4.7837435e-03
2291.0 9.3201491e-01 4.8270460e-03
2296.0 9.3837730e-01 4.8434939e-03
2301.0 9.4597144e-01 4.8630532e-03
2306.0 9.5639806e-01 4.8897803e-03
2311.0 9.7884972e-01 4.9468417e-03
2316.0 9.8552178e-01 4.9636725e-03
2321.0 9.6688708e-01 4.9165208e-03
2326.0 9.7914356e-01 4.9475842e-03
2331.0 9.7420117e-01 4.9350815e-03
2336.0 9.5876891e-01 4.8958373e-03
2341.0 9.5583535e-01 4.8883416e-03
2346.0 9.4358907e-01 4.8569257e-03
2351.0 9.4256457e-01 4.8542883e-03
2356.0 9.5393258e-01 4.8834736e-03
2361.0 9.4265493e-01 4.8545209e-03
2366.0 9.2373033e-01 4.8055446e-03
2371.0 9.2417272e-01 4.8066951e-03
2376.0 9.3549009e-01 4.8360368e-03
2381.0 9.3373054e-01 4.8314867e-03
2386.0 9.2724865e-01 4.8146876e-03
2391.0 9.3216280e-01 4.8274289e-03
2396.0 9.0709916e-01 4.7620877e-03
2401.0 8.9930273e-01 4.7415787e-03
2406.0 9.1268233e-01 4.7767205e-03
2411.0 9.2174286e-01 4.8003721e-03
2416.0 9.3336654e-01 4.8305449e-03
2421.0 9.3515224e-01 4.8351635e-03
2426.0 9.3659169e-01 4.8388834e-03
2431.0 9.4736674e-01 4.8666384e-03
2436.0 9.4327545e-01 4.8561185e-03
2441.0 9.3189271e-01 4.8267295e-03
2446.0 9.4366780e-01 4.8571283e-03
2451.0 9.3538381e-01 4.8357621e-03
2456.0 9.2720794e-01 4.8145819e-03
2461.0 9.4215580e-01 4.8532356e-03
2466.0 9.4698862e-01 4.8656670e-03
2471.0 9.4862426e-01 4.8698672e-03
2476.0 9.5371217e-01 4.8829094e-03
2481.0 9.5730617e-01 4.8921012e-03
2486.0 9.6231294e-01 4.9048775e-03
2491.0 9.4685256e-01 4.8653175e-03
2496.0 9.3928803e-01 4.8458437e-03
2501.0 9.4746598e-01 4.8668932e-03
2506.0 9.4127747e-01 4.8509728e-03
2511.0 9.4316374e-01 4.8558309e-03
2516.0 9.4852221e-01 4.8696053e-03
2521.0 9.2938405e-01 4.8202284e-03
2526.0 9.5489194e-01 4.8859287e-03
2531.0 9.6434829e-01 4.9100619e-03
2536.0 9.5083523e-01 4.8755390e-03
2541.0 9.5000636e-01 4.8734135e-03
2546.0 9.4967876e-01 4.8725732e-03
2551.0 9.5835775e-01 4.8947874e-03
2556.0 9.4324483e-01 4.8560396e-03
2561.0 9.3897525e-01 4.8450368e-03
2566.0 9.2536883e-01 4.8098047e-03
2571.0 9.2906462e-01 4.8193999e-03
2576.0 9.3897032e-01 4.8450241e-03
2581.0 9.5990784e-01 4.8987443e-03
2586.0 9.7297744e-01 4.9319810e-03
2591.0 9.4831488e-01 4.8690730e-03
2596.0 9.5564880e-01 4.8878646e-03
2601.0 9.4252904e-01 4.8541968e-03
2606.0 9.2125460e-01 4.7991005e-03
2611.0 9.2290398e-01 4.8033946e-03
2616.0 9.2720940e-01 4.8145857e-03
2621.0 9.4234745e-01 4.8537291e-03
2626.0 9.6120618e-01 4.9020562e-03
2631.0 9.5731843e-01 4.8921326e-03
2636.0 9.7083973e-01 4.9265600e-03
2641.0 9.7111397e-01 4.9272558e-03
2646.0 9.5590155e-01 4.8885109e-03
2651.0 9.4391983e-01 4.8577769e-03
2656.0 9.5154047e-01 4.8773468e-03
2661.0 9.5671314e-01 4.8905857e-03
2666.0 9.4268940e-01 4.8546097e-03
2671.0 9.4006484e-01 4.8478471e-03
2676.0 9.3160832e-01 4.8259930e-03
2681.0 9.1592568e-01 4.7852003e-03
2686.0 9.2860631e-01 4.8182111e-03
2691.0 9.3537412e-01 4.8357371e-03
2696.0 9.3138861e-01 4.8254239e-03
2701.0 9.5136433e-01 4.8768954e-03
2706.0 9.7535000e-01 4.9379905e-03
2711.0 9.8054326e-01 4.9511192e-03
2716.0 9.7143370e-01 4.9280668e-03
2721.0 9.5859774e-01 4.8954003e-03
2726.0 9.7660632e-01 4.9411697e-03
2731.0 9.7296583e-01 4.9319516e-03
2736.0 9.9046334e-01 4.9761013e-03
2741.0 9.9013204e-01 4.9752690e-03
2746.0 9.6981981e-01 4.9239715e-03
2751.0 9.5685888e-01 4.8909582e-03
2756.0 9.6591343e-01 4.9140448e-03
2761.0 9.5118310e-01 4.8764308e-03
2766.0 9.5040091e-01 4.8744254e-03
2771.0 9.5012083e-01 4.8737071e-03
2776.0 9.2937898e-01 4.8202152e-03
2781.0 9.3063476e-01 4.8234707e-03
2786.0 9.1803287e-01 4.7907016e-03
2791.0 9.0900410e-01 4.7670854e-03
2796.0 9.0886628e-01 4.7667239e-03
2801.0 9.0523355e-01 4.7571881e-03
2806.0 9.2478727e-01 4.8082930e-03
2811.0 9.1663127e-01 4.7870431e-03
2816.0 9.3823013e-01 4.8431140e-03
2821.0 9.3772975e-01 4.8418224e-03
2826.0 9.3259825e-01 4.8285563e-03
2831.0 9.5272808e-01 4.8803896e-03
2836.0 9.4191285e-01 4.8526098e-03
2841.0 9.7159556e-01 4.9284774e-03
2846.0 9.6006505e-01 4.8991455e-03
2851.0 9.3473090e-01 4.8340741e-03
2856.0 9.4066043e-01 4.8493825e-03
2861.0 9.4130301e-01 4.8510386e-03
2866.0 9.4145428e-01 4.8514284e-03
2871.0 9.4127670e-01 4.8509708e-03
2876.0 9.2502798e-01 4.8089188e-03
2881.0 9.1612934e-01 4.7857323e-03
2886.0 8.8170909e-01 4.6949683e-03
2891.0 8.9913256e-01 4.7411301e-03
2896.0 9.0769158e-01 4.7636425e-03
2901.0 9.3446242e-01 4.8333798e-03
2906.0 9.2277573e-01 4.8030609e-03
2911.0 9.2772688e-01 4.8159290e-03
2916.0 9.3490504e-01 4.8345244e-03
2921.0 9.5729418e-01 4.8920706e-03
2926.0 9.5256055e-01 4.8799604e-03
2931.0 9.6704406e-01 4.9169199e-03
2936.0 9.6866195e-01 4.9210313e-03
2941.0 9.5226810e-01 4.8792113e-03
2946.0 9.5644967e-01 4.8899123e-03
2951.0 9.1890754e-01 4.7929833e-03
2956.0 9.4034725e-01 4.8485752e-03
2961.0 9.5256232e-01 4.8799650e-03
2966.0 9.4066127e-01 4.8493847e-03
2971.0 9.2896103e-01 4.8191313e-03
2976.0 9.3184129e-01 4.8265964e-03
2981.0 9.4098922e-01 4.8502300e-03
2986.0 9.4448332e-01 4.8592266e-03
2991.0 9.4713347e-01 4.8660392e-03
2996.0 9.4941828e-01 4.8719049e-03
3001.0 9.4315162e-01 4.8557997e-03
3006.0 9.4085176e-01 4.8498757e-03
3011.0 9.3148651e-01 4.8256775e-03
3016.0 9.2106603e-01 4.7986093e-03
3021.0 9.0804530e-01 4.7645706e-03
3026.0 9.1239385e-01 4.7759655e-03
3031.0 9.1840141e-01 4.7916631e-03
3036.0 9.0507924e-01 4.7567827e-03
3041.0 9.0848598e-01 4.7657266e-03
3046.0 9.2301574e-01 4.8036854e-03
3051.0 9.3154517e-01 4.8258294e-03
3056.0 9.2785509e-01 4.8162618e-03
3061.0 9.1530040e-01 4.7835667e-03
3066.0 9.0825814e-01 4.7651289e-03
3071.0 9.3322053e-01 4.8301670e-03
3076.0 9.4397386e-01 4.8579159e-03
3081.0 9.5951407e-01 4.8977395e-03
3086.0 9.4255751e-01 4.8542701e-03
3091.0 9.3953911e-01 4.8464913e-03
3096.0 9.3131143e-01 4.8252239e-03
3101.0 9.5185575e-01 4.8781548e-03
3106.0 9.6110605e-01 4.9018008e-03
3111.0 9.4511325e-01 4.8608468e-03
3116.0 9.3019756e-01 4.8223375e-03
3121.0 9.4560550e-01 4.8621125e-03
3126.0 9.3846618e-01 4.8437232e-03
3131.0 9.3791155e-01 4.8422917e-03
3136.0 9.3735590e-01 4.8408571e-03
3141.0 9.4097276e-01 4.8501875e-03
3146.0 9.3250160e-01 4.8283062e-03
3151.0 9.2279189e-01 4.8031029e-03
3156.0 9.0446966e-01 4.7551805e-03
3161.0 9.0929934e-01 4.7678594e-03
3166.0 9.0251686e-01 4.7500444e-03
3171.0 8.9901487e-01 4.7408198e-03
3176.0 8.9886446e-01 4.7404232e-03
3181.0 9.0409480e-01 4.7541950e-03
3186.0 9.0789987e-01 4.7641890e-03
3191.0 9.3847385e-01 4.8437430e-03
3196.0 9.4024724e-01 4.8483174e-03
3201.0 9.2469859e-01 4.8080625e-03
3206.0 9.3479986e-01 4.8342524e-03
3211.0 9.4176223e-01 4.8522218e-03
3216.0 9.6432775e-01 4.9100096e-03
3221.0 9.5576095e-01 4.8881514e-03
3226.0 9.6455317e-01 4.9105834e-03
3231.0 9.6061008e-01 4.9005359e-03
3236.0 9.4010103e-01 4.8479404e-03
3241.0 9.4649755e-01 4.8644053e-03
3246.0 9.5624345e-01 4.8893851e-03
3251.0 9.4416589e-01 4.8584100e-03
3256.0 9.6018981e-01 4.8994638e-03
3261.0 9.6358080e-01 4.9081076e-03
3266.0 9.6294489e-01 4.9064878e-03
3271.0 9.6595555e-01 4.9141519e-03
3276.0 9.5734804e-01 4.8922082e-03
3281.0 9.7109062e-01 4.9271965e-03
3286.0 9.4250189e-01 4.8541269e-03
3291.0 9.4108682e-01 4.8504815e-03
3296.0 9.3662964e-01 4.8389814e-03
3301.0 9.3622954e-01 4.8379478e-03
3306.0 9.3618822e-01 4.8378410e-03
3311.0 9.5804845e-01 4.8939975e-03
3316.0 9.5367885e-01 4.8828241e-03
3321.0 9.6807204e-01 4.9195326e-03
3326.0 9.5726172e-01 4.8919877e-03
3331.0 9.5097604e-01 4.8759000e-03
3336.0 9.6612146e-01 4.9145739e-03
3341.0 9.5928745e-01 4.8971611e-03
3346.0 9.5231449e-01 4.8793301e-03
3351.0 9.6841171e-01 4.9203956e-03
3356.0 9.5628371e-01 4.8894880e-03
3361.0 9.3646720e-01 4.8385618e-03
3366.0 9.0021250e-01 4.7439765e-03
3371.0 9.2165008e-01 4.8001304e-03
3376.0 9.2805832e-01 4.8167892e-03
3381.0 9.1766869e-01 4.7897513e-03
3386.0 9.5503746e-01 4.8863009e-03
3391.0 9.5073917e-01 4.8752928e-03
3396.0 9.4771842e-01 4.8675415e-03
3401.0 9.6118110e-01 4.9019922e-03
3406.0 9.6494691e-01 4.9115856e-03
3411.0 9.6213019e-01 4.9044118e-03
3416.0 9.5404385e-01 4.8837584e-03
3421.0 9.4458769e-01 4.8594951e-03
3426.0 9.3393661e-01 4.8320198e-03
3431.0 9.5976218e-01 4.8983727e-03
3436.0 9.8129046e-01 4.9530053e-03
3441.0 9.6569989e-01 4.9135015e-03
3446.0 9.7163356e-01 4.9285738e-03
3451.0 9.4817054e-01 4.8687025e-03
3456.0 9.1464375e-01 4.7818505e-03
3461.0 9.2804548e-01 4.8167559e-03
3466.0 9.5799194e-01 4.8938532e-03
3471.0 9.4141497e-01 4.8513271e-03
3476.0 9.2989389e-01 4.8215503e-03
3481.0 9.3514477e-01 4.8351442e-03
3486.0 9.1258234e-01 4.7764588e-03
3491.0 9.1328818e-01 4.7783056e-03
3496.0 9.2028115e-01 4.7965643e-03
3501.0 9.3599643e-01 4.8373455e-03
3506.0 9.3713023e-01 4.8402744e-03
3511.0 9.3227632e-01 4.8277229e-03
3516.0 9.3785623e-01 4.8421489e-03
3521.0 9.3288103e-01 4.8292884e-03
3526.0 9.2467074e-01 4.8079901e-03
3531.0 9.1593479e-01 4.7852241e-03
3536.0 9.4497482e-01 4.8604908e-03
3541.0 9.4969786e-01 4.8726222e-03
3546.0 9.6410703e-01 4.9094476e-03
3551.0 9.6492404e-01 4.9115274e-03
3556.0 9.5328595e-01 4.8818182e-03
3561.0 9.4527576e-01 4.8612647e-03
3566.0 9.4205392e-01 4.8529731e-03
3571.0 9.5638331e-01 4.8897426e-03
3576.0 9.5300169e-01 4.8810903e-03
3581.0 9.3183051e-01 4.8265684e-03
3586.0 9.5582577e-01 4.8883171e-03
3591.0 9.4164000e-01 4.8519069e-03
3596.0 9.6217636e-01 4.9045295e-03
3601.0 9.6371067e-01 4.9084384e-03
3606.0 9.6657666e-01 4.9157316e-03
3611.0 9.4740447e-01 4.8667353e-03
3616.0 9.5233006e-01 4.8793700e-03
3621.0 9.5920513e-01 4.8969509e-03
3626.0 9.5075093e-01 4.8753229e-03
3631.0 9.3014150e-01 4.8221922e-03
3636.0 9.3824428e-01 4.8431505e-03
3641.0 9.4273066e-01 4.8547159e-03
3646.0 9.2795586e-01 4.8165233e-03
3651.0 9.3010369e-01 4.8220942e-03
3656.0 9.3642003e-01 4.8384399e-03
3661.0 9.4261643e-01 4.8544218e-03
3666.0 9.4803119e-01 4.8683447e-03
3671.0 9.4851989e-01 4.8695993e-03
3676.0 9.5444921e-01 4.8847959e-03
3681.0 9.5751095e-01 4.8926244e-03
3686.0 9.5792194e-01 4.8936744e-03
3691.0 9.7075293e-01 4.9263398e-03
3696.0 9.8912254e-01 4.9727320e-03
3701.0 9.7841381e-01 4.9457401e-03
3706.0 9.7118780e-01 4.9274431e-03
3711.0 9.7266987e-01 4.9312014e-03
3716.0 9.4586794e-01 4.8627871e-03
3721.0 9.7227739e-01 4.9302064e-03
3726.0 9.5468811e-01 4.8854072e-03
3731.0 9.4104020e-01 4.8503614e-03
3736.0 9.3538423e-01 4.8357632e-03
3741.0 9.2210368e-01 4.8013115e-03
3746.0 9.2270437e-01 4.8028751e-03
3751.0 9.1493971e-01 4.7826241e-03
3756.0 9.2027988e-01 4.7965610e-03
3761.0 9.2926360e-01 4.8199160e-03
3766.0 9.3548057e-01 4.8360122e-03
3771.0 9.3962793e-01 4.8467204e-03
3776.0 9.2225780e-01 4.8017127e-03
3781.0 8.9968197e-01 4.7425784e-03
3786.0 8.9757956e-01 4.7370338e-03
3791.0 9.1174244e-01 4.7742603e-03
3796.0 9.1987156e-01 4.7954968e-03
3801.0 9.1160450e-01 4.7738991e-03
3806.0 8.9192930e-01 4.7221005e-03
3811.0 9.0497713e-01 4.7565143e-03
3816.0 8.9901436e-01 4.7408184e-03
3821.0 8.8795899e-01 4.7115788e-03
3826.0 8.9732577e-01 4.7363641e-03
3831.0 9.2067196e-01 4.7975827e-03
3836.0 9.1323389e-01 4.7781636e-03
3841.0 9.1919296e-01 4.7937276e-03
3846.0 9.2531190e-01 4.8096567e-03
3851.0 9.2665953e-01 4.8131578e-03
3856.0 9.2860498e-01 4.8182076e-03
3861.0 9.2123237e-01 4.7990426e-03
3866.0 9.1613501e-01 4.7857471e-03
3871.0 9.3679188e-01 4.8394005e-03
3876.0 9.1210509e-01 4.7752097e-03
3881.0 9.2132552e-01 4.7992852e-03
3886.0 9.1270552e-01 4.7767812e-03
3891.0 9.1606218e-01 4.7855569e-03
3896.0 9.1047232e-01 4.7709337e-03
3901.0 9.3960714e-01 4.8466668e-03
3906.0 9.5042375e-01 4.8744840e-03
3911.0 9.4445216e-01 4.8591465e-03
3916.0 9.2877759e-01 4.8186554e-03
3921.0 9.3934564e-01 4.8459923e-03
3926.0 9.3695306e-01 4.8398168e-03
3931.0 9.3808766e-01 4.8427463e-03
3936.0 9.6026380e-01 4.8996526e-03
3941.0 9.4951346e-01 4.8721491e-03
3946.0 9.3554236e-01 4.8361720e-03
3951.0 9.3706807e-01 4.8401139e-03
3956.0 9.4820970e-01 4.8688030e-03
3961.0 9.4932865e-01 4.8716749e-03
3966.0 9.5468168e-01 4.8853907e-03
3971.0 9.6431834e-01 4.9099856e-03
3976.0 9.5532030e-01 4.8870244e-03
3981.0 9.6024609e-01 4.8996074e-03
3986.0 9.8356518e-01 4.9587428e-03
3991.0 9.6885391e-01 4.9215189e-03
3996.0 9.3118403e-01 4.8248939e-03
4001.0 9.3305978e-01 4.8297510e-03
4006.0 9.2478986e-01 4.8082998e-03
4011.0 9.1504355e-01 4.7828955e-03
4016.0 9.0927597e-01 4.7677982e-03
4021.0 9.1207788e-01 4.7751385e-03
4026.0 9.1257961e-01 4.7764517e-03
4031.0 9.2707028e-01 4.8142245e-03
4036.0 8.9882355e-01 4.7403153e-03
4041.0 9.1121157e-01 4.7728702e-03
4046.0 9.2234578e-01 4.8019418e-03
4051.0 9.4643668e-01 4.8642489e-03
4056.0 9.3951654e-01 4.8464331e-03
4061.0 9.5557917e-01 4.8876865e-03
4066.0 9.4741287e-01 4.8667568e-03
4071.0 9.4488341e-01 4.8602557e-03
4076.0 9.3074284e-01 4.8237507e-03
4081.0 9.1623101e-01 4.7859979e-03
4086.0 9.2836209e-01 4.8175774e-03
4091.0 9.3969330e-01 4.8468890e-03
4096.0 9.5061878e-01 4.8749841e-03
4101.0 9.4245670e-01 4.8540105e-03
4106.0 9.4288241e-01 4.8551066e-03
4111.0 9.5002017e-01 4.8734489e-03
4116.0 9.5929991e-01 4.8971929e-03
4121.0 9.3165516e-01 4.8261143e-03
4126.0 9.3876554e-01 4.8444957e-03
4131.0 9.4537311e-01 4.8615150e-03
4136.0 9.5586562e-01 4.8884190e-03
4141.0 9.5721642e-01 4.8918719e-03
4146.0 9.5930254e-01 4.8971996e-03
4151.0 9.4152009e-01 4.8515979e-03
4156.0 9.4932480e-01 4.8716650e-03
4161.0 9.4295642e-01 4.8552972e-03
4166.0 9.2984983e-01 4.8214361e-03
4171.0 9.3500966e-01 4.8347949e-03
4176.0 9.1832583e-01 4.7914660e-03
4181.0 9.3673677e-01 4.8392582e-03
4186.0 9.2519238e-01 4.8093461e-03
4191.0 9.3659240e-01 4.8388852e-03
4196.0 9.1861394e-01 4.7922175e-03
4201.0 9.0440275e-01 4.7550046e-03
4206.0 8.9830670e-01 4.7389522e-03
4211.0 8.8023125e-01 4.6910320e-03
4216.0 8.8492973e-01 4.7035352e-03
4221.0 8.9946180e-01 4.7419980e-03
4226.0 9.0060543e-01 4.7450117e-03
4231.0 9.2738076e-01 4.8150306e-03
4236.0 9.1982974e-01 4.7953878e-03
4241.0 9.3294915e-01 4.8294647e-03
4246.0 9.3147171e-01 4.8256391e-03
4251.0 9.4184370e-01 4.8524316e-03
4256.0 9.4433043e-01 4.8588333e-03
4261.0 9.4605742e-01 4.8632742e-03
4266.0 9.5036129e-01 4.8743238e-03
4271.0 9.3995665e-01 4.8475681e-03
4276.0 9.0983303e-01 4.7692584e-03
4281.0 9.1038297e-01 4.7706996e-03
4286.0 9.2792800e-01 4.8164510e-03
4291.0 9.4367707e-01 4.8571522e-03
4296.0 9.4131722e-01 4.8510752e-03
4301.0 9.1762537e-01 4.7896383e-03
4306.0 9.0458482e-01 4.7554832e-03
4311.0 9.0233252e-01 4.7495593e-03
4316.0 9.0537814e-01 4.7575681e-03
4321.0 9.1842918e-01 4.7917356e-03
4326.0 9.1897598e-01 4.7931618e-03
4331.0 9.3924850e-01 4.8457417e-03
4336.0 9.4536561e-01 4.8614957e-03
4341.0 9.2064453e-01 4.7975112e-03
4346.0 9.4441261e-01 4.8590447e-03
4351.0 9.2530328e-01 4.8096343e-03
4356.0 9.1030511e-01 4.7704956e-03
4361.0 9.2885319e-01 4.8188515e-03
4366.0 9.3397158e-01 4.8321103e-03
4371.0 9.4097886e-01 4.8502033e-03
4376.0 9.3017713e-01 4.8222846e-03
4381.0 9.3186346e-01 4.8266538e-03
4386.0 9.2937166e-01 4.8201962e-03
4391.0 9.2311847e-01 4.8039528e-03
4396.0 9.3843301e-01 4.8436376e-03
4401.0 9.3441887e-01 4.8332672e-03
4406.0 9.4050230e-01 4.8489749e-03
4411.0 9.5085204e-01 4.8755821e-03
4416.0 9.2492942e-01 4.8086626e-03
4421.0 9.0627437e-01 4.7599222e-03
4426.0 9.2309882e-01 4.8039016e-03
4431.0 9.1656998e-01 4.7868831e-03
4436.0 8.9626127e-01 4.7335538e-03
4441.0 9.1669421e-01 4.7872075e-03
4446.0 9.1209411e-01 4.7751809e-03
4451.0 9.2367308e-01 4.8053956e-03
4456.0 9.3910034e-01 4.8453595e-03
4461.0 9.2218330e-01 4.8015188e-03
4466.0 9.5069419e-01 4.8751774e-03
4471.0 9.5233073e-01 4.8793717e-03
4476.0 9.7366260e-01 4.9337172e-03
4481.0 9.6825708e-01 4.9200028e-03
4486.0 9.5508885e-01 4.8864324e-03
4491.0 9.4779225e-01 4.8677311e-03
4496.0 9.4221374e-01 4.8533848e-03
4501.0 9.3164545e-01 4.8260892e-03
4506.0 9.1412672e-01 4.7804987e-03
4511.0 9.3132762e-01 4.8252659e-03
4516.0 9.2329518e-01 4.8044125e-03
4521.0 9.1917051e-01 4.7936690e-03
4526.0 9.5045104e-01 4.8745540e-03
4531.0 9.4689005e-01 4.8654138e-03
4536.0 9.5351876e-01 4.8824143e-03
4541.0 9.5003392e-01 4.8734842e-03
4546.0 9.4139694e-01 4.8512806e-03
4551.0 9.4413054e-01 4.8583190e-03
4556.0 9.5341648e-01 4.8821524e-03
4561.0 9.4632261e-01 4.8639557e-03
4566.0 9.4997047e-01 4.8733214e-03
4571.0 9.5109720e-01 4.8762106e-03
4576.0 9.4025089e-01 4.8483268e-03
4581.0 9.4508212e-01 4.8607667e-03
4586.0 9.4330312e-01 4.8561897e-03
4591.0 9.4965452e-01 4.8725110e-03
4596.0 9.3538915e-01 4.8357759e-03
4601.0 9.5407923e-01 4.8838490e-03
4606.0 9.6479081e-01 4.9111883e-03
4611.0 9.5715597e-01 4.8917174e-03
4616.0 9.4798157e-01 4.8682173e-03
4621.0 9.3389953e-01 4.8319239e-03
4626.0 9.4430812e-01 4.8587759e-03
4631.0 9.5140307e-01 4.8769947e-03
4636.0 9.4087243e-01 4.8499290e-03
4641.0 8.9211360e-01 4.7225883e-03
4646.0 9.2009149e-01 4.7960700e-03
4651.0 9.1465702e-01 4.7818852e-03
4656.0 9.3168133e-01 4.8261821e-03
4661.0 9.3413393e-01 4.8325302e-03
4666.0 9.4018902e-01 4.8481672e-03
4671.0 9.4060670e-01 4.8492440e-03
4676.0 9.3682161e-01 4.8394773e-03
4681.0 9.4954762e-01 4.8722367e-03
4686.0 9.4057801e-01 4.8491701e-03
4691.0 9.2268873e-01 4.8028344e-03
4696.0 9.3531930e-01 4.8355954e-03
4701.0 9.4323811e-01 4.8560223e-03
4706.0 9.4082014e-01 4.8497942e-03
4711.0 9.5023908e-01 4.8740104e-03
4716.0 9.5290815e-01 4.8808507e-03
4721.0 9.7395580e-01 4.9344600e-03
4726.0 9.7118149e-01 4.9274271e-03
4731.0 9.5561119e-01 4.8877684e-03
4736.0 9.4440556e-01 4.8590266e-03
4741.0 9.4047407e-01 4.8489021e-03
4746.0 9.5836116e-01 4.8947962e-03
4751.0 9.4252886e-01 4.8541963e-03
4756.0 9.3898746e-01 4.8450683e-03
4761.0 9.4067636e-01 4.8494236e-03
4766.0 9.3761987e-01 4.8415387e-03
4771.0 9.4296208e-01 4.8553118e-03
4776.0 9.2634973e-01 4.8123532e-03
4781.0 9.1385747e-01 4.7797947e-03
4786.0 9.2545119e-01 4.8100187e-03
4791.0 9.1436761e-01 4.7811286e-03
4796.0 9.1742083e-01 4.7891044e-03
4801.0 9.0085039e-01 4.7456570e-03
4806.0 8.9934287e-01 4.7416845e-03
4811.0 9.0721083e-01 4.7623808e-03
4816.0 9.1001750e-01 4.7697419e-03
4821.0 9.2052529e-01 4.7972005e-03
4826.0 9.1844557e-01 4.7917783e-03
4831.0 9.2895065e-01 4.8191043e-03
4836.0 9.2491643e-01 4.8086288e-03
4841.0 9.2629285e-01 4.8122055e-03
4846.0 9.3659567e-01 4.8388937e-03
4851.0 9.2536368e-01 4.8097913e-03
4856.0 9.4080914e-01 4.8497658e-03
4861.0 9.6243937e-01 4.9051997e-03
4866.0 9.3763324e-01 4.8415732e-03
4871.0 9.2822316e-01 4.8172170e-03
4876.0 9.4449805e-01 4.8592645e-03
4881.0 9.3579089e-01 4.8368143e-03
4886.0 9.5122393e-01 4.8765355e-03
4891.0 9.5637913e-01 4.8897320e-03
4896.0 9.3109133e-01 4.8246537e-03
4901.0 9.2593555e-01 4.8112773e-03
4906.0 9.1823073e-01 4.7912179e-03
4911.0 9.1570746e-01 4.7846303e-03
4916.0 9.2386178e-01 4.8058865e-03
4921.0 9.4880092e-01 4.8703206e-03
4926.0 9.7121679e-01 4.9275166e-03
4931.0 9.5130958e-01 4.8767550e-03
4936.0 9.5481073e-01 4.8857209e-03
4941.0 9.5775187e-01 4.8932399e-03
4946.0 9.6245095e-01 4.9052292e-03
4951.0 9.5116121e-01 4.8763747e-03
4956.0 9.6856299e-01 4.9207799e-03
4961.0 9.6229952e-01 4.9048434e-03
4966.0 9.4674805e-01 4.8650490e-03
4971.0 9.5257674e-01 4.8800019e-03
4976.0 9.2937054e-01 4.8201933e-03
4981.0 9.2132588e-01 4.7992861e-03
4986.0 9.2908092e-01 4.8194422e-03
4991.0 9.5557948e-01 4.8876873e-03
4996.0 9.4347684e-01 4.8566368e-03
