1.0 9.3529968e-01 4.8355447e-03
2.0 9.3846337e-01 4.8437160e-03
3.0 9.3741360e-01 4.8410061e-03
4.0 9.4133172e-01 4.8511126e-03
5.0 9.5069474e-01 4.8751789e-03
6.0 9.4840433e-01 4.8693027e-03
7.0 9.4610010e-01 4.8633839e-03
8.0 9.5559408e-01 4.8877247e-03
9.0 9.5929022e-01 4.8971681e-03
10.0 9.5492283e-01 4.8860077e-03
11.0 9.5728488e-01 4.8920468e-03
12.0 9.5320834e-01 4.8816195e-03
13.0 9.4922652e-01 4.8714129e-03
14.0 9.4994884e-01 4.8732660e-03
15.0 9.3702068e-01 4.8399914e-03
16.0 9.2603529e-01 4.8115364e-03
17.0 9.2297883e-01 4.8035894e-03
18.0 9.1719732e-01 4.7885210e-03
19.0 9.2039303e-01 4.7968558e-03
20.0 9.1541246e-01 4.7838595e-03
21.0 9.0761521e-01 4.7634421e-03
22.0 9.1842655e-01 4.7917287e-03
23.0 9.1792205e-01 4.7904125e-03
24.0 9.1935557e-01 4.7941516e-03
25.0 9.1118264e-01 4.7727944e-03
26.0 9.0927368e-01 4.7677922e-03
27.0 9.1129029e-01 4.7730763e-03
28.0 9.0537309e-01 4.7575548e-03
29.0 9.0946155e-01 4.7682847e-03
30.0 9.0719898e-01 4.7623497e-03
61.0 9.2747129e-01 4.8152656e-03
62.0 9.2489737e-01 4.8085793e-03
63.0 9.2438170e-01 4.8072386e-03
64.0 9.1794947e-01 4.7904840e-03
65.0 9.1132453e-01 4.7731660e-03
66.0 9.1791439e-01 4.7903925e-03
67.0 9.2743969e-01 4.8151835e-03
68.0 9.2744947e-01 4.8152089e-03
69.0 9.3432449e-01 4.8330231e-03
70.0 9.3660841e-01 4.8389266e-03
71.0 9.3248320e-01 4.8282585e-03
72.0 9.3487325e-01 4.8344422e-03
73.0 9.4468049e-01 4.8597338e-03
74.0 9.4398023e-01 4.8579323e-03
75.0 9.5330185e-01 4.8818589e-03
76.0 9.3581653e-01 4.8368806e-03
77.0 9.4099635e-01 4.8502483e-03
78.0 9.4123947e-01 4.8508749e-03
79.0 9.3907685e-01 4.8452989e-03
80.0 9.3943009e-01 4.8462101e-03
81.0 9.2669668e-01 4.8132543e-03
82.0 9.2569512e-01 4.8106526e-03
83.0 9.2855818e-01 4.8180862e-03
84.0 9.3829740e-01 4.8432877e-03
85.0 9.3481343e-01 4.8342875e-03
86.0 9.2983498e-01 4.8213976e-03
87.0 9.2705026e-01 4.8141725e-03
88.0 9.3321666e-01 4.8301570e-03
89.0 9.3545357e-01 4.8359425e-03
90.0 9.3209261e-01 4.8272472e-03
121.0 9.4329766e-01 4.8561756e-03
122.0 9.4777068e-01 4.8676758e-03
123.0 9.4138134e-01 4.8512404e-03
124.0 9.4994028e-01 4.8732440e-03
125.0 9.4028184e-01 4.8484066e-03
126.0 9.4377079e-01 4.8573933e-03
127.0 9.5710707e-01 4.8915925e-03
128.0 9.4965771e-01 4.8725192e-03
129.0 9.4530351e-01 4.8613360e-03
130.0 9.4540183e-01 4.8615888e-03
131.0 9.4167047e-01 4.8519854e-03
132.0 9.3154373e-01 4.8258257e-03
133.0 9.3223071e-01 4.8276048e-03
134.0 9.2568791e-01 4.8106339e-03
135.0 9.2924929e-01 4.8198789e-03
136.0 9.2370375e-01 4.8054754e-03
137.0 9.3425159e-01 4.8328346e-03
138.0 9.2939977e-01 4.8202691e-03
139.0 9.2773001e-01 4.8159371e-03
140.0 9.3325916e-01 4.8302670e-03
141.0 9.2561244e-01 4.8104377e-03
142.0 9.2762055e-01 4.8156530e-03
143.0 9.3639269e-01 4.8383693e-03
144.0 9.2621270e-01 4.8119973e-03
145.0 9.2785041e-01 4.8162496e-03
146.0 9.2999639e-01 4.8218161e-03
147.0 9.3522896e-01 4.8353618e-03
148.0 9.2742290e-01 4.8151400e-03
149.0 9.1953398e-01 4.7946168e-03
150.0 9.2378837e-01 4.8056955e-03
181.0 9.6962580e-01 4.9234790e-03
182.0 9.7169479e-01 4.9287290e-03
183.0 9.6422808e-01 4.9097558e-03
184.0 9.5587116e-01 4.8884332e-03
185.0 9.5782379e-01 4.8934236e-03
186.0 9.5520863e-01 4.8867388e-03
187.0 9.5849578e-01 4.8951399e-03
188.0 9.6028715e-01 4.8997121e-03
189.0 9.5848070e-01 4.8951014e-03
190.0 9.5180046e-01 4.8780131e-03
191.0 9.4144630e-01 4.8514078e-03
192.0 9.3820082e-01 4.8430384e-03
193.0 9.4351094e-01 4.8567246e-03
194.0 9.4446271e-01 4.8591736e-03
195.0 9.3604782e-01 4.8374782e-03
196.0 9.3707155e-01 4.8401228e-03
197.0 9.3950156e-01 4.8463945e-03
198.0 9.3377384e-01 4.8315987e-03
199.0 9.3480188e-01 4.8342577e-03
200.0 9.3520464e-01 4.8352990e-03
201.0 9.2809301e-01 4.8168792e-03
202.0 9.3073613e-01 4.8237334e-03
203.0 9.3456151e-01 4.8336361e-03
204.0 9.4151424e-01 4.8515829e-03
205.0 9.4789216e-01 4.8679877e-03
206.0 9.3858157e-01 4.8440210e-03
207.0 9.3243140e-01 4.8281244e-03
208.0 9.3590012e-01 4.8370966e-03
209.0 9.3907350e-01 4.8452903e-03
210.0 9.4212593e-01 4.8531586e-03
241.0 9.4122594e-01 4.8508400e-03
242.0 9.3587595e-01 4.8370341e-03
243.0 9.3512023e-01 4.8350808e-03
244.0 9.3843385e-01 4.8436398e-03
245.0 9.4376850e-01 4.8573874e-03
246.0 9.3575564e-01 4.8367232e-03
247.0 9.3360862e-01 4.8311713e-03
248.0 9.3071024e-01 4.8236663e-03
249.0 9.2682793e-01 4.8135952e-03
250.0 9.3861400e-01 4.8441047e-03
251.0 9.4101117e-01 4.8502865e-03
252.0 9.3269052e-01 4.8287952e-03
253.0 9.3869782e-01 4.8443210e-03
254.0 9.5196907e-01 4.8784451e-03
255.0 9.5755195e-01 4.8927292e-03
256.0 9.4676066e-01 4.8650814e-03
257.0 9.4307682e-01 4.8556072e-03
258.0 9.5072295e-01 4.8752512e-03
259.0 9.4540435e-01 4.8615953e-03
260.0 9.4763939e-01 4.8673386e-03
261.0 9.5205454e-01 4.8786641e-03
262.0 9.4525960e-01 4.8612231e-03
263.0 9.4427121e-01 4.8586809e-03
264.0 9.2335525e-01 4.8045688e-03
265.0 9.1759436e-01 4.7895573e-03
266.0 9.1706769e-01 4.7881826e-03
267.0 9.1015107e-01 4.7700919e-03
268.0 9.2201316e-01 4.8010759e-03
269.0 9.1368211e-01 4.7793360e-03
270.0 9.1211605e-01 4.7752384e-03
301.0 9.4642198e-01 4.8642111e-03
302.0 9.4057740e-01 4.8491685e-03
303.0 9.3677807e-01 4.8393648e-03
304.0 9.4152096e-01 4.8516002e-03
305.0 9.4506558e-01 4.8607242e-03
306.0 9.4439395e-01 4.8589967e-03
307.0 9.4473382e-01 4.8598710e-03
308.0 9.5227641e-01 4.8792326e-03
309.0 9.4759343e-01 4.8672206e-03
310.0 9.5041164e-01 4.8744529e-03
311.0 9.4831846e-01 4.8690822e-03
312.0 9.4628824e-01 4.8638674e-03
313.0 9.5273817e-01 4.8804154e-03
314.0 9.5693234e-01 4.8911460e-03
315.0 9.6095531e-01 4.9014164e-03
316.0 9.6777832e-01 4.9187863e-03
317.0 9.6615245e-01 4.9146527e-03
318.0 9.6871950e-01 4.9211775e-03
319.0 9.6498689e-01 4.9116873e-03
320.0 9.6541876e-01 4.9127863e-03
321.0 9.6298736e-01 4.9065960e-03
322.0 9.6208048e-01 4.9042851e-03
323.0 9.6432120e-01 4.9099929e-03
324.0 9.5767163e-01 4.8930349e-03
325.0 9.6965856e-01 4.9235622e-03
326.0 9.6141537e-01 4.9025896e-03
327.0 9.5230911e-01 4.8793163e-03
328.0 9.5870298e-01 4.8956690e-03
329.0 9.6247874e-01 4.9053001e-03
330.0 9.6496218e-01 4.9116245e-03
361.0 9.2401058e-01 4.8062735e-03
362.0 9.2799191e-01 4.8166169e-03
363.0 9.3815669e-01 4.8429245e-03
364.0 9.3735968e-01 4.8408669e-03
365.0 9.3979189e-01 4.8471432e-03
366.0 9.4399039e-01 4.8579584e-03
367.0 9.4095679e-01 4.8501464e-03
368.0 9.4224115e-01 4.8534554e-03
369.0 9.4191026e-01 4.8526031e-03
370.0 9.4220158e-01 4.8533535e-03
371.0 9.3707568e-01 4.8401335e-03
372.0 9.3705698e-01 4.8400852e-03
373.0 9.4016457e-01 4.8481042e-03
374.0 9.4912197e-01 4.8711446e-03
375.0 9.5451373e-01 4.8849610e-03
376.0 9.6713199e-01 4.9171435e-03
377.0 9.6056284e-01 4.9004154e-03
378.0 9.6480749e-01 4.9112308e-03
379.0 9.6414043e-01 4.9095327e-03
380.0 9.7655858e-01 4.9410490e-03
381.0 9.6913091e-01 4.9222224e-03
382.0 9.6197393e-01 4.9040135e-03
383.0 9.5673853e-01 4.8906506e-03
384.0 9.4214353e-01 4.8532039e-03
385.0 9.3860981e-01 4.8440939e-03
386.0 9.3364384e-01 4.8312624e-03
387.0 9.3470839e-01 4.8340159e-03
388.0 9.3702190e-01 4.8399946e-03
389.0 9.4871643e-01 4.8701038e-03
390.0 9.5403538e-01 4.8837368e-03
421.0 9.4799288e-01 4.8682463e-03
422.0 9.6042917e-01 4.9000744e-03
423.0 9.7012223e-01 4.9247392e-03
424.0 9.6675346e-01 4.9161811e-03
425.0 9.7114737e-01 4.9273405e-03
426.0 9.7327391e-01 4.9327323e-03
427.0 9.7990025e-01 4.9494956e-03
428.0 9.7137220e-01 4.9279108e-03
429.0 9.7370307e-01 4.9338197e-03
430.0 9.7826670e-01 4.9453683e-03
431.0 9.6474375e-01 4.9110685e-03
432.0 9.5571770e-01 4.8880408e-03
433.0 9.4173869e-01 4.8521611e-03
434.0 9.3976852e-01 4.8470830e-03
435.0 9.4409760e-01 4.8582343e-03
436.0 9.5321662e-01 4.8816407e-03
437.0 9.5268241e-01 4.8802726e-03
438.0 9.6209495e-01 4.9043220e-03
439.0 9.5198453e-01 4.8784848e-03
440.0 9.4030113e-01 4.8484563e-03
441.0 9.3971470e-01 4.8469442e-03
442.0 9.4193399e-01 4.8526642e-03
443.0 9.4141564e-01 4.8513288e-03
444.0 9.2804933e-01 4.8167659e-03
445.0 9.2796902e-01 4.8165575e-03
446.0 9.2025310e-01 4.7964912e-03
447.0 9.2535450e-01 4.8097674e-03
448.0 9.2824298e-01 4.8172684e-03
449.0 9.2290020e-01 4.8033848e-03
450.0 9.2034883e-01 4.7967407e-03
481.0 9.5463754e-01 4.8852778e-03
482.0 9.5285588e-01 4.8807169e-03
483.0 9.4582935e-01 4.8626879e-03
484.0 9.3513127e-01 4.8351093e-03
485.0 9.3649508e-01 4.8386338e-03
486.0 9.3160128e-01 4.8259748e-03
487.0 9.2302272e-01 4.8037036e-03
488.0 9.1966619e-01 4.7949614e-03
489.0 9.1378722e-01 4.7796109e-03
490.0 9.2568403e-01 4.8106238e-03
491.0 9.3188324e-01 4.8267050e-03
492.0 9.3209276e-01 4.8272476e-03
493.0 9.4176950e-01 4.8522405e-03
494.0 9.4190305e-01 4.8525845e-03
495.0 9.3627022e-01 4.8380529e-03
496.0 9.4584813e-01 4.8627362e-03
497.0 9.4865566e-01 4.8699478e-03
498.0 9.4146802e-01 4.8514638e-03
499.0 9.3996435e-01 4.8475880e-03
500.0 9.3416244e-01 4.8326040e-03
501.0 9.2572303e-01 4.8107251e-03
502.0 9.3215292e-01 4.8274034e-03
503.0 9.4447190e-01 4.8591972e-03
504.0 9.3516762e-01 4.8352033e-03
505.0 9.3873551e-01 4.8444182e-03
506.0 9.3453848e-01 4.8335765e-03
507.0 9.3163327e-01 4.8260576e-03
508.0 9.2807917e-01 4.8168433e-03
509.0 9.2302196e-01 4.8037016e-03
510.0 9.2419065e-01 4.8067418e-03
541.0 8.9971520e-01 4.7426660e-03
542.0 9.0711134e-01 4.7621197e-03
543.0 9.0162892e-01 4.7477072e-03
544.0 9.0693156e-01 4.7616477e-03
545.0 9.1765728e-01 4.7897215e-03
546.0 9.0308516e-01 4.7515397e-03
547.0 8.9987156e-01 4.7430780e-03
548.0 9.0575105e-01 4.7585477e-03
549.0 9.0613778e-01 4.7595635e-03
550.0 9.1015776e-01 4.7701095e-03
551.0 9.0790878e-01 4.7642124e-03
552.0 9.0997120e-01 4.7696205e-03
553.0 9.1054718e-01 4.7711298e-03
554.0 9.1937558e-01 4.7942038e-03
555.0 9.2199423e-01 4.8010266e-03
556.0 9.2492445e-01 4.8086496e-03
557.0 9.2291671e-01 4.8034277e-03
558.0 9.2067372e-01 4.7975872e-03
559.0 9.1888315e-01 4.7929197e-03
560.0 9.2233198e-01 4.8019058e-03
561.0 9.2051383e-01 4.7971706e-03
562.0 9.2317424e-01 4.8040979e-03
563.0 9.3710500e-01 4.8402092e-03
564.0 9.4256475e-01 4.8542887e-03
565.0 9.4023787e-01 4.8482932e-03
566.0 9.4760630e-01 4.8672536e-03
567.0 9.4444600e-01 4.8591306e-03
568.0 9.3114258e-01 4.8247865e-03
569.0 9.2506496e-01 4.8090149e-03
570.0 9.1387050e-01 4.7798287e-03
601.0 9.3471320e-01 4.8340284e-03
602.0 9.3958952e-01 4.8466213e-03
603.0 9.3360490e-01 4.8311616e-03
604.0 9.3927955e-01 4.8458218e-03
605.0 9.4777067e-01 4.8676757e-03
606.0 9.4974726e-01 4.8727489e-03
607.0 9.6088348e-01 4.9012332e-03
608.0 9.5456838e-01 4.8851008e-03
609.0 9.4573992e-01 4.8624581e-03
610.0 9.3404897e-01 4.8323105e-03
611.0 9.4362921e-01 4.8570290e-03
612.0 9.4741593e-01 4.8667647e-03
613.0 9.4652461e-01 4.8644749e-03
614.0 9.4772190e-01 4.8675505e-03
615.0 9.3995080e-01 4.8475530e-03
616.0 9.5521618e-01 4.8867581e-03
617.0 9.5490332e-01 4.8859578e-03
618.0 9.5468871e-01 4.8854087e-03
619.0 9.5826948e-01 4.8945620e-03
620.0 9.6014290e-01 4.8993441e-03
621.0 9.6022651e-01 4.8995574e-03
622.0 9.5390695e-01 4.8834080e-03
623.0 9.5586121e-01 4.8884078e-03
624.0 9.6673252e-01 4.9161279e-03
625.0 9.7363113e-01 4.9336375e-03
626.0 9.8170586e-01 4.9540536e-03
627.0 9.7587143e-01 4.9393103e-03
628.0 9.6744364e-01 4.9179357e-03
629.0 9.6496301e-01 4.9116266e-03
630.0 9.6365631e-01 4.9082999e-03
661.0 9.4280822e-01 4.8549156e-03
662.0 9.3887853e-01 4.8447872e-03
663.0 9.3527106e-01 4.8354707e-03
664.0 9.3519951e-01 4.8352857e-03
665.0 9.3179204e-01 4.8264688e-03
666.0 9.2761610e-01 4.8156415e-03
667.0 9.2876852e-01 4.8186319e-03
668.0 9.2771112e-01 4.8158881e-03
669.0 9.3774602e-01 4.8418644e-03
670.0 9.2082477e-01 4.7979808e-03
671.0 9.2877162e-01 4.8186399e-03
672.0 9.3717155e-01 4.8403811e-03
673.0 9.2393895e-01 4.8060872e-03
674.0 9.2247199e-01 4.8022703e-03
675.0 9.2109521e-01 4.7986853e-03
676.0 9.1290222e-01 4.7772958e-03
677.0 9.0939253e-01 4.7681038e-03
678.0 9.0392495e-01 4.7537484e-03
679.0 9.1691745e-01 4.7877904e-03
680.0 9.2392054e-01 4.8060393e-03
681.0 9.3265756e-01 4.8287099e-03
682.0 9.3744276e-01 4.8410814e-03
683.0 9.3030326e-01 4.8226115e-03
684.0 9.2733021e-01 4.8148993e-03
685.0 9.3101462e-01 4.8244550e-03
686.0 9.2359336e-01 4.8051883e-03
687.0 9.2881103e-01 4.8187421e-03
688.0 9.2787508e-01 4.8163137e-03
689.0 9.2593945e-01 4.8112874e-03
690.0 9.3102042e-01 4.8244700e-03
721.0 9.3557775e-01 4.8362634e-03
722.0 9.3767305e-01 4.8416760e-03
723.0 9.2692330e-01 4.8138428e-03
724.0 9.1885694e-01 4.7928513e-03
725.0 9.2458696e-01 4.8077723e-03
726.0 9.2637552e-01 4.8124202e-03
727.0 9.2577729e-01 4.8108661e-03
728.0 9.2648040e-01 4.8126926e-03
729.0 9.2936096e-01 4.8201685e-03
730.0 9.2639845e-01 4.8124798e-03
731.0 9.2206891e-01 4.8012210e-03
732.0 9.2414757e-01 4.8066298e-03
733.0 9.1869596e-01 4.7924315e-03
734.0 9.2235733e-01 4.8019718e-03
735.0 9.1236464e-01 4.7758891e-03
736.0 9.2024511e-01 4.7964704e-03
737.0 9.2419349e-01 4.8067492e-03
738.0 9.2657781e-01 4.8129456e-03
739.0 9.3342569e-01 4.8306979e-03
740.0 9.4407519e-01 4.8581766e-03
741.0 9.5013357e-01 4.8737398e-03
742.0 9.3777253e-01 4.8419328e-03
743.0 9.2958295e-01 4.8207441e-03
744.0 9.2609990e-01 4.8117042e-03
745.0 9.2681592e-01 4.8135640e-03
746.0 9.3065143e-01 4.8235139e-03
747.0 9.2652068e-01 4.8127972e-03
748.0 9.2826463e-01 4.8173246e-03
749.0 9.2401214e-01 4.8062775e-03
750.0 9.2087257e-01 4.7981053e-03
781.0 9.5051978e-01 4.8747302e-03
782.0 9.5080746e-01 4.8754679e-03
783.0 9.4162275e-01 4.8518624e-03
784.0 9.4383275e-01 4.8575528e-03
785.0 9.4740294e-01 4.8667313e-03
786.0 9.5027219e-01 4.8740953e-03
787.0 9.5641037e-01 4.8898118e-03
788.0 9.6057655e-01 4.9004504e-03
789.0 9.6226900e-01 4.9047656e-03
790.0 9.6024832e-01 4.8996131e-03
791.0 9.4853586e-01 4.8696403e-03
792.0 9.5053786e-01 4.8747766e-03
793.0 9.5105921e-01 4.8761133e-03
794.0 9.5212847e-01 4.8788535e-03
795.0 9.4321186e-01 4.8559548e-03
796.0 9.3602083e-01 4.8374085e-03
797.0 9.4275869e-01 4.8547881e-03
798.0 9.4235064e-01 4.8537373e-03
799.0 9.4622532e-01 4.8637057e-03
800.0 9.4593715e-01 4.8629651e-03
801.0 9.4558526e-01 4.8620604e-03
802.0 9.5109578e-01 4.8762070e-03
803.0 9.4703154e-01 4.8657773e-03
804.0 9.4708300e-01 4.8659095e-03
805.0 9.4371304e-01 4.8572447e-03
806.0 9.4057827e-01 4.8491708e-03
807.0 9.3839203e-01 4.8435319e-03
808.0 9.3962044e-01 4.8467011e-03
809.0 9.3654685e-01 4.8387676e-03
810.0 9.4467424e-01 4.8597177e-03
841.0 9.4435500e-01 4.8588965e-03
842.0 9.4369282e-01 4.8571927e-03
843.0 9.4753282e-01 4.8670649e-03
844.0 9.3984467e-01 4.8472793e-03
845.0 9.4209041e-01 4.8530671e-03
846.0 9.4300662e-01 4.8554264e-03
847.0 9.4574702e-01 4.8624763e-03
848.0 9.4726886e-01 4.8663869e-03
849.0 9.6206361e-01 4.9042421e-03
850.0 9.5664556e-01 4.8904130e-03
851.0 9.5222051e-01 4.8790894e-03
852.0 9.4748346e-01 4.8669381e-03
853.0 9.4337043e-01 4.8563629e-03
854.0 9.3905310e-01 4.8452376e-03
855.0 9.4640635e-01 4.8641709e-03
856.0 9.5486218e-01 4.8858525e-03
857.0 9.5024873e-01 4.8740351e-03
858.0 9.4423867e-01 4.8585972e-03
859.0 9.4691082e-01 4.8654672e-03
860.0 9.4289340e-01 4.8551349e-03
861.0 9.4657178e-01 4.8645961e-03
862.0 9.4742777e-01 4.8667951e-03
863.0 9.3728086e-01 4.8406634e-03
864.0 9.4700529e-01 4.8657099e-03
865.0 9.5775402e-01 4.8932454e-03
866.0 9.5279074e-01 4.8805500e-03
867.0 9.4947270e-01 4.8720445e-03
868.0 9.5059971e-01 4.8749352e-03
869.0 9.5197153e-01 4.8784514e-03
870.0 9.5532004e-01 4.8870238e-03
901.0 9.8908949e-01 4.9726489e-03
902.0 9.8847047e-01 4.9710926e-03
903.0 9.8300064e-01 4.9573195e-03
904.0 9.8073779e-01 4.9516103e-03
905.0 9.8645569e-01 4.9660238e-03
906.0 9.8482301e-01 4.9619125e-03
907.0 9.8248302e-01 4.9560141e-03
908.0 9.7136728e-01 4.9278984e-03
909.0 9.7405330e-01 4.9347070e-03
910.0 9.7629939e-01 4.9403932e-03
911.0 9.8768236e-01 4.9691105e-03
912.0 9.8298662e-01 4.9572841e-03
913.0 9.8179261e-01 4.9542725e-03
914.0 9.8095039e-01 4.9521470e-03
915.0 9.8845119e-01 4.9710442e-03
916.0 9.8495927e-01 4.9622557e-03
917.0 9.8402836e-01 4.9599102e-03
918.0 9.8534367e-01 4.9632240e-03
919.0 9.8371075e-01 4.9591097e-03
920.0 9.7841373e-01 4.9457399e-03
921.0 9.7726313e-01 4.9428310e-03
922.0 9.8193566e-01 4.9546334e-03
923.0 9.7290114e-01 4.9317876e-03
924.0 9.7178122e-01 4.9289482e-03
925.0 9.6540589e-01 4.9127535e-03
926.0 9.7131142e-01 4.9277567e-03
927.0 9.5982178e-01 4.8985247e-03
928.0 9.5510788e-01 4.8864811e-03
929.0 9.5648594e-01 4.8900050e-03
930.0 9.6537414e-01 4.9126728e-03
961.0 9.5159927e-01 4.8774975e-03
962.0 9.5474895e-01 4.8855628e-03
963.0 9.6233224e-01 4.9049267e-03
964.0 9.6209471e-01 4.9043214e-03
965.0 9.6513784e-01 4.9120715e-03
966.0 9.6315507e-01 4.9070232e-03
967.0 9.7077479e-01 4.9263952e-03
968.0 9.6467224e-01 4.9108865e-03
969.0 9.7456604e-01 4.9360056e-03
970.0 9.7219967e-01 4.9300093e-03
971.0 9.6116710e-01 4.9019565e-03
972.0 9.6073092e-01 4.9008441e-03
973.0 9.5508386e-01 4.8864196e-03
974.0 9.5945506e-01 4.8975889e-03
975.0 9.5397006e-01 4.8835696e-03
976.0 9.5035076e-01 4.8742968e-03
977.0 9.3763793e-01 4.8415853e-03
978.0 9.3488430e-01 4.8344708e-03
979.0 9.1966619e-01 4.7949614e-03
980.0 9.1064316e-01 4.7713813e-03
981.0 9.1698168e-01 4.7879580e-03
982.0 9.2304594e-01 4.8037640e-03
983.0 9.2667671e-01 4.8132025e-03
984.0 9.2119927e-01 4.7989563e-03
985.0 9.2175421e-01 4.8004016e-03
986.0 9.2268181e-01 4.8028164e-03
987.0 9.1610251e-01 4.7856622e-03
988.0 9.2681015e-01 4.8135490e-03
989.0 9.3300653e-01 4.8296132e-03
990.0 9.3189043e-01 4.8267236e-03
1021.0 9.6351993e-01 4.9079526e-03
1022.0 9.6534881e-01 4.9126083e-03
1023.0 9.6017962e-01 4.8994378e-03
1024.0 9.5886868e-01 4.8960920e-03
1025.0 9.7110692e-01 4.9272379e-03
1026.0 9.8015847e-01 4.9501477e-03
1027.0 9.8055898e-01 4.9511589e-03
1028.0 9.7844454e-01 4.9458178e-03
1029.0 9.7679762e-01 4.9416536e-03
1030.0 9.7846071e-01 4.9458587e-03
1031.0 9.6977063e-01 4.9238467e-03
1032.0 9.6629504e-01 4.9150154e-03
1033.0 9.5419573e-01 4.8841472e-03
1034.0 9.5584264e-01 4.8883603e-03
1035.0 9.5885703e-01 4.8960623e-03
1036.0 9.5459071e-01 4.8851579e-03
1037.0 9.6367017e-01 4.9083352e-03
1038.0 9.5450322e-01 4.8849341e-03
1039.0 9.4418500e-01 4.8584592e-03
1040.0 9.4536042e-01 4.8614824e-03
1041.0 9.5156085e-01 4.8773990e-03
1042.0 9.6144787e-01 4.9026724e-03
1043.0 9.5723349e-01 4.8919155e-03
1044.0 9.6301620e-01 4.9066695e-03
1045.0 9.6124051e-01 4.9021437e-03
1046.0 9.5885498e-01 4.8960571e-03
1047.0 9.6323761e-01 4.9072335e-03
1048.0 9.6595528e-01 4.9141512e-03
1049.0 9.5447888e-01 4.8848718e-03
1050.0 9.6274848e-01 4.9059874e-03
1081.0 9.3601623e-01 4.8373966e-03
1082.0 9.3392964e-01 4.8320018e-03
1083.0 9.3188988e-01 4.8267222e-03
1084.0 9.3023550e-01 4.8224359e-03
1085.0 9.4375283e-01 4.8573471e-03
1086.0 9.4582934e-01 4.8626879e-03
1087.0 9.4809258e-01 4.8685023e-03
1088.0 9.5403680e-01 4.8837404e-03
1089.0 9.5458158e-01 4.8851346e-03
1090.0 9.5208956e-01 4.8787539e-03
1091.0 9.5003795e-01 4.8734945e-03
1092.0 9.4894157e-01 4.8706816e-03
1093.0 9.4805817e-01 4.8684140e-03
1094.0 9.5207886e-01 4.8787265e-03
1095.0 9.5157835e-01 4.8774439e-03
1096.0 9.5548786e-01 4.8874530e-03
1097.0 9.5402328e-01 4.8837058e-03
1098.0 9.5352916e-01 4.8824409e-03
1099.0 9.4007113e-01 4.8478633e-03
1100.0 9.4575341e-01 4.8624927e-03
1101.0 9.4746128e-01 4.8668812e-03
1102.0 9.5324250e-01 4.8817070e-03
1103.0 9.3410288e-01 4.8324499e-03
1104.0 9.4746237e-01 4.8668840e-03
1105.0 9.4611221e-01 4.8634150e-03
1106.0 9.5260408e-01 4.8800719e-03
1107.0 9.4529466e-01 4.8613133e-03
1108.0 9.4882117e-01 4.8703726e-03
1109.0 9.4140323e-01 4.8512968e-03
1110.0 9.3732763e-01 4.8407841e-03
1141.0 9.7619682e-01 4.9401337e-03
1142.0 9.7210411e-01 4.9297670e-03
1143.0 9.7891154e-01 4.9469979e-03
1144.0 9.7566848e-01 4.9387967e-03
1145.0 9.7438360e-01 4.9355436e-03
1146.0 9.7124536e-01 4.9275891e-03
1147.0 9.6944152e-01 4.9230111e-03
1148.0 9.6075795e-01 4.9009131e-03
1149.0 9.5035404e-01 4.8743052e-03
1150.0 9.5969287e-01 4.8981958e-03
1151.0 9.5319979e-01 4.8815976e-03
1152.0 9.4615657e-01 4.8635290e-03
1153.0 9.3195614e-01 4.8268938e-03
1154.0 9.2825975e-01 4.8173119e-03
1155.0 9.2043496e-01 4.7969651e-03
1156.0 9.3188036e-01 4.8266976e-03
1157.0 9.3860259e-01 4.8440752e-03
1158.0 9.3419221e-01 4.8326810e-03
1159.0 9.4861819e-01 4.8698516e-03
1160.0 9.5428008e-01 4.8843630e-03
1161.0 9.5123650e-01 4.8765677e-03
1162.0 9.3476618e-01 4.8341654e-03
1163.0 9.4947555e-01 4.8720518e-03
1164.0 9.3994874e-01 4.8475477e-03
1165.0 9.2942099e-01 4.8203242e-03
1166.0 9.3651500e-01 4.8386853e-03
1167.0 9.5193387e-01 4.8783549e-03
1168.0 9.5999276e-01 4.8989611e-03
1169.0 9.6227006e-01 4.9047683e-03
1170.0 9.6467276e-01 4.9108878e-03
1201.0 9.3427333e-01 4.8328908e-03
1202.0 9.3527267e-01 4.8354749e-03
1203.0 9.3269147e-01 4.8287977e-03
1204.0 9.3392667e-01 4.8319941e-03
1205.0 9.3758653e-01 4.8414526e-03
1206.0 9.3779029e-01 4.8419787e-03
1207.0 9.3819319e-01 4.8430187e-03
1208.0 9.3366274e-01 4.8313113e-03
1209.0 9.2974627e-01 4.8211676e-03
1210.0 9.2133926e-01 4.7993210e-03
1211.0 9.3332105e-01 4.8304272e-03
1212.0 9.2580077e-01 4.8109271e-03
1213.0 9.2207555e-01 4.8012383e-03
1214.0 9.1840810e-01 4.7916806e-03
1215.0 9.2513795e-01 4.8092046e-03
1216.0 9.2402004e-01 4.8062981e-03
1217.0 9.3266862e-01 4.8287385e-03
1218.0 9.2879124e-01 4.8186908e-03
1219.0 9.3102664e-01 4.8244861e-03
1220.0 9.2618546e-01 4.8119265e-03
1221.0 9.4050227e-01 4.8489749e-03
1222.0 9.3285641e-01 4.8292246e-03
1223.0 9.3506097e-01 4.8349276e-03
1224.0 9.3924242e-01 4.8457260e-03
1225.0 9.4189303e-01 4.8525587e-03
1226.0 9.4045455e-01 4.8488518e-03
1227.0 9.3946830e-01 4.8463087e-03
1228.0 9.3962173e-01 4.8467044e-03
1229.0 9.3869403e-01 4.8443112e-03
1230.0 9.4478438e-01 4.8600010e-03
1261.0 9.3729105e-01 4.8406897e-03
1262.0 9.4095851e-01 4.8501508e-03
1263.0 9.4126192e-01 4.8509327e-03
1264.0 9.4445983e-01 4.8591662e-03
1265.0 9.3831136e-01 4.8433237e-03
1266.0 9.3933882e-01 4.8459747e-03
1267.0 9.3037140e-01 4.8227881e-03
1268.0 9.3010935e-01 4.8221089e-03
1269.0 9.2489305e-01 4.8085680e-03
1270.0 9.2099529e-01 4.7984250e-03
1271.0 9.2976479e-01 4.8212156e-03
1272.0 9.3710684e-01 4.8402140e-03
1273.0 9.4107690e-01 4.8504559e-03
1274.0 9.3397511e-01 4.8321194e-03
1275.0 9.3217022e-01 4.8274482e-03
1276.0 9.4021525e-01 4.8482349e-03
1277.0 9.4102598e-01 4.8503247e-03
1278.0 9.5558165e-01 4.8876929e-03
1279.0 9.5704956e-01 4.8914455e-03
1280.0 9.5716250e-01 4.8917341e-03
1281.0 9.5420647e-01 4.8841747e-03
1282.0 9.5416164e-01 4.8840599e-03
1283.0 9.5231143e-01 4.8793223e-03
1284.0 9.5603987e-01 4.8888646e-03
1285.0 9.6110321e-01 4.9017936e-03
1286.0 9.5477861e-01 4.8856387e-03
1287.0 9.4543296e-01 4.8616689e-03
1288.0 9.3339963e-01 4.8306305e-03
1289.0 9.3696757e-01 4.8398543e-03
1290.0 9.3010210e-01 4.8220901e-03
1321.0 9.3701756e-01 4.8399834e-03
1322.0 9.3751560e-01 4.8412695e-03
1323.0 9.4086014e-01 4.8498973e-03
1324.0 9.4025813e-01 4.8483454e-03
1325.0 9.4330952e-01 4.8562062e-03
1326.0 9.4336045e-01 4.8563373e-03
1327.0 9.3054437e-01 4.8232364e-03
1328.0 9.2508292e-01 4.8090616e-03
1329.0 9.2497083e-01 4.8087702e-03
1330.0 9.1811132e-01 4.7909063e-03
1331.0 9.2299003e-01 4.8036185e-03
1332.0 9.3359389e-01 4.8311332e-03
1333.0 9.4145071e-01 4.8514192e-03
1334.0 9.3997004e-01 4.8476026e-03
1335.0 9.4931718e-01 4.8716455e-03
1336.0 9.4965331e-01 4.8725079e-03
1337.0 9.4690012e-01 4.8654397e-03
1338.0 9.4257370e-01 4.8543118e-03
1339.0 9.4037634e-01 4.8486502e-03
1340.0 9.3783829e-01 4.8421026e-03
1341.0 9.3894115e-01 4.8449488e-03
1342.0 9.3988673e-01 4.8473878e-03
1343.0 9.3986029e-01 4.8473196e-03
1344.0 9.4254217e-01 4.8542306e-03
1345.0 9.4984077e-01 4.8729888e-03
1346.0 9.5521533e-01 4.8867559e-03
1347.0 9.4488466e-01 4.8602589e-03
1348.0 9.2834733e-01 4.8175392e-03
1349.0 9.3490196e-01 4.8345164e-03
1350.0 9.2634590e-01 4.8123433e-03
1381.0 9.3027680e-01 4.8225429e-03
1382.0 9.3511986e-01 4.8350798e-03
1383.0 9.3206686e-01 4.8271805e-03
1384.0 9.4611198e-01 4.8634144e-03
1385.0 9.4187198e-01 4.8525045e-03
1386.0 9.4640380e-01 4.8641644e-03
1387.0 9.4789484e-01 4.8679946e-03
1388.0 9.5554400e-01 4.8875966e-03
1389.0 9.6439721e-01 4.9101864e-03
1390.0 9.6325287e-01 4.9072723e-03
1391.0 9.5709793e-01 4.8915691e-03
1392.0 9.5883776e-01 4.8960131e-03
1393.0 9.5349956e-01 4.8823651e-03
1394.0 9.6531692e-01 4.9125272e-03
1395.0 9.6471769e-01 4.9110022e-03
1396.0 9.6092468e-01 4.9013383e-03
1397.0 9.6091618e-01 4.9013166e-03
1398.0 9.5110928e-01 4.8762416e-03
1399.0 9.4419318e-01 4.8584802e-03
1400.0 9.5156767e-01 4.8774165e-03
1401.0 9.4657508e-01 4.8646045e-03
1402.0 9.3958312e-01 4.8466048e-03
1403.0 9.4286657e-01 4.8550659e-03
1404.0 9.5014264e-01 4.8737630e-03
1405.0 9.5407997e-01 4.8838509e-03
1406.0 9.5951075e-01 4.8977310e-03
1407.0 9.5358861e-01 4.8825931e-03
1408.0 9.4368892e-01 4.8571827e-03
1409.0 9.5291502e-01 4.8808683e-03
1410.0 9.5003437e-01 4.8734854e-03
1441.0 9.6569375e-01 4.9134859e-03
1442.0 9.6825108e-01 4.9199875e-03
1443.0 9.7409084e-01 4.9348021e-03
1444.0 9.7318407e-01 4.9325046e-03
1445.0 9.6314990e-01 4.9070101e-03
1446.0 9.6429875e-01 4.9099357e-03
1447.0 9.5866026e-01 4.8955599e-03
1448.0 9.5419749e-01 4.8841517e-03
1449.0 9.5704547e-01 4.8914351e-03
1450.0 9.6375664e-01 4.9085554e-03
1451.0 9.6260048e-01 4.9056103e-03
1452.0 9.6318098e-01 4.9070892e-03
1453.0 9.7262954e-01 4.9310991e-03
1454.0 9.7214717e-01 4.9298762e-03
1455.0 9.8674163e-01 4.9667435e-03
1456.0 9.8757359e-01 4.9688369e-03
1457.0 9.7371316e-01 4.9338453e-03
1458.0 9.7649867e-01 4.9408974e-03
1459.0 9.7688870e-01 4.9418840e-03
1460.0 9.8282006e-01 4.9568641e-03
1461.0 9.8463775e-01 4.9614458e-03
1462.0 9.8115730e-01 4.9526693e-03
1463.0 9.7098530e-01 4.9269294e-03
1464.0 9.6789965e-01 4.9190946e-03
1465.0 9.6091657e-01 4.9013176e-03
1466.0 9.5591185e-01 4.8885373e-03
1467.0 9.5876043e-01 4.8958157e-03
1468.0 9.6811711e-01 4.9196471e-03
1469.0 9.6897651e-01 4.9218303e-03
1470.0 9.5976034e-01 4.8983680e-03
1501.0 9.8920245e-01 4.9729329e-03
1502.0 9.9137058e-01 4.9783797e-03
1503.0 9.8481375e-01 4.9618892e-03
1504.0 9.7713104e-01 4.9424970e-03
1505.0 9.7486845e-01 4.9367714e-03
1506.0 9.7187979e-01 4.9291982e-03
1507.0 9.6709274e-01 4.9170437e-03
1508.0 9.6997999e-01 4.9243781e-03
1509.0 9.7423538e-01 4.9351682e-03
1510.0 9.7272128e-01 4.9313317e-03
1511.0 9.8028596e-01 4.9504696e-03
1512.0 9.7074406e-01 4.9263173e-03
1513.0 9.6769604e-01 4.9185772e-03
1514.0 9.6146192e-01 4.9027083e-03
1515.0 9.4840338e-01 4.8693002e-03
1516.0 9.4736066e-01 4.8666227e-03
1517.0 9.4606913e-01 4.8633043e-03
1518.0 9.5534418e-01 4.8870855e-03
1519.0 9.5833472e-01 4.8947286e-03
1520.0 9.5062468e-01 4.8749992e-03
1521.0 9.6182409e-01 4.9036316e-03
1522.0 9.6822122e-01 4.9199117e-03
1523.0 9.7026288e-01 4.9250962e-03
1524.0 9.6704944e-01 4.9169336e-03
1525.0 9.5945080e-01 4.8975780e-03
1526.0 9.5595426e-01 4.8886457e-03
1527.0 9.6184015e-01 4.9036725e-03
1528.0 9.7243661e-01 4.9306101e-03
1529.0 9.8032238e-01 4.9505616e-03
1530.0 9.7490279e-01 4.9368583e-03
1561.0 9.4163616e-01 4.8518970e-03
1562.0 9.4126889e-01 4.8509507e-03
1563.0 9.3648473e-01 4.8386071e-03
1564.0 9.2121789e-01 4.7990048e-03
1565.0 9.2787673e-01 4.8163179e-03
1566.0 9.3308875e-01 4.8298260e-03
1567.0 9.3166816e-01 4.8261480e-03
1568.0 9.3253417e-01 4.8283905e-03
1569.0 9.3607942e-01 4.8375599e-03
1570.0 9.2637286e-01 4.8124133e-03
1571.0 9.2377902e-01 4.8056712e-03
1572.0 9.2958797e-01 4.8207571e-03
1573.0 9.2212199e-01 4.8013592e-03
1574.0 9.2507638e-01 4.8090446e-03
1575.0 9.1715691e-01 4.7884155e-03
1576.0 9.2135462e-01 4.7993610e-03
1577.0 9.2216015e-01 4.8014585e-03
1578.0 9.1280649e-01 4.7770454e-03
1579.0 9.2161736e-01 4.8000452e-03
1580.0 9.1799699e-01 4.7906080e-03
1581.0 9.1395302e-01 4.7800445e-03
1582.0 9.1668626e-01 4.7871867e-03
1583.0 9.2522194e-01 4.8094229e-03
1584.0 9.1954239e-01 4.7946387e-03
1585.0 9.2096026e-01 4.7983337e-03
1586.0 9.2482077e-01 4.8083801e-03
1587.0 9.2993064e-01 4.8216456e-03
1588.0 9.3161296e-01 4.8260050e-03
1589.0 9.2962661e-01 4.8208573e-03
1590.0 9.2488473e-01 4.8085464e-03
1621.0 9.4594679e-01 4.8629898e-03
1622.0 9.4616945e-01 4.8635621e-03
1623.0 9.3678456e-01 4.8393816e-03
1624.0 9.4273029e-01 4.8547150e-03
1625.0 9.3827610e-01 4.8432327e-03
1626.0 9.5013431e-01 4.8737417e-03
1627.0 9.5627069e-01 4.8894547e-03
1628.0 9.5258170e-01 4.8800146e-03
1629.0 9.5997365e-01 4.8989123e-03
1630.0 9.5913070e-01 4.8967609e-03
1631.0 9.6344166e-01 4.9077532e-03
1632.0 9.6503940e-01 4.9118210e-03
1633.0 9.5831799e-01 4.8946859e-03
1634.0 9.5312391e-01 4.8814033e-03
1635.0 9.5882631e-01 4.8959839e-03
1636.0 9.5559436e-01 4.8877254e-03
1637.0 9.5212574e-01 4.8788466e-03
1638.0 9.4538431e-01 4.8615438e-03
1639.0 9.4762625e-01 4.8673048e-03
1640.0 9.6022679e-01 4.8995581e-03
1641.0 9.5230021e-01 4.8792936e-03
1642.0 9.5165712e-01 4.8776458e-03
1643.0 9.6001478e-01 4.8990172e-03
1644.0 9.5821010e-01 4.8944104e-03
1645.0 9.6000033e-01 4.8989804e-03
1646.0 9.5208723e-01 4.8787479e-03
1647.0 9.5419248e-01 4.8841388e-03
1648.0 9.5210277e-01 4.8787877e-03
1649.0 9.5753338e-01 4.8926817e-03
1650.0 9.6409995e-01 4.9094296e-03
1681.0 9.6569049e-01 4.9134777e-03
1682.0 9.6676031e-01 4.9161985e-03
1683.0 9.6508123e-01 4.9119274e-03
1684.0 9.5792874e-01 4.8936917e-03
1685.0 9.5888800e-01 4.8961414e-03
1686.0 9.5032302e-01 4.8742257e-03
1687.0 9.5721049e-01 4.8918567e-03
1688.0 9.5322415e-01 4.8816600e-03
1689.0 9.5368259e-01 4.8828337e-03
1690.0 9.5461360e-01 4.8852165e-03
1691.0 9.5215145e-01 4.8789124e-03
1692.0 9.5518350e-01 4.8866745e-03
1693.0 9.5122271e-01 4.8765324e-03
1694.0 9.5607345e-01 4.8889505e-03
1695.0 9.4664129e-01 4.8647747e-03
1696.0 9.4702176e-01 4.8657522e-03
1697.0 9.5876573e-01 4.8958292e-03
1698.0 9.5143228e-01 4.8770695e-03
1699.0 9.4646313e-01 4.8643169e-03
1700.0 9.4919717e-01 4.8713375e-03
1701.0 9.4977883e-01 4.8728299e-03
1702.0 9.5149184e-01 4.8772222e-03
1703.0 9.5383103e-01 4.8832137e-03
1704.0 9.5692032e-01 4.8911152e-03
1705.0 9.6297280e-01 4.9065589e-03
1706.0 9.6427789e-01 4.9098826e-03
1707.0 9.6129590e-01 4.9022850e-03
1708.0 9.6433838e-01 4.9100366e-03
1709.0 9.7495994e-01 4.9370030e-03
1710.0 9.7217973e-01 4.9299588e-03
1741.0 9.5337042e-01 4.8820345e-03
1742.0 9.5187888e-01 4.8782140e-03
1743.0 9.5015739e-01 4.8738009e-03
1744.0 9.4992838e-01 4.8732135e-03
1745.0 9.5667342e-01 4.8904842e-03
1746.0 9.4984735e-01 4.8730056e-03
1747.0 9.5075847e-01 4.8753423e-03
1748.0 9.5627336e-01 4.8894616e-03
1749.0 9.5855245e-01 4.8952846e-03
1750.0 9.5861789e-01 4.8954517e-03
1751.0 9.6387387e-01 4.9088539e-03
1752.0 9.4544312e-01 4.8616950e-03
1753.0 9.4930445e-01 4.8716128e-03
1754.0 9.4462321e-01 4.8595865e-03
1755.0 9.3277065e-01 4.8290027e-03
1756.0 9.3625881e-01 4.8380234e-03
1757.0 9.4508600e-01 4.8607767e-03
1758.0 9.4401029e-01 4.8580096e-03
1759.0 9.4977611e-01 4.8728229e-03
1760.0 9.5945783e-01 4.8975959e-03
1761.0 9.6655267e-01 4.9156705e-03
1762.0 9.7542371e-01 4.9381771e-03
1763.0 9.7803837e-01 4.9447911e-03
1764.0 9.7636062e-01 4.9405481e-03
1765.0 9.6421147e-01 4.9097135e-03
1766.0 9.6107532e-01 4.9017225e-03
1767.0 9.5463241e-01 4.8852646e-03
1768.0 9.6758332e-01 4.9182907e-03
1769.0 9.6479606e-01 4.9112016e-03
1770.0 9.6420760e-01 4.9097037e-03
1801.0 9.2642584e-01 4.8125509e-03
1802.0 9.3907440e-01 4.8452926e-03
1803.0 9.3870299e-01 4.8443343e-03
1804.0 9.3418670e-01 4.8326667e-03
1805.0 9.2508144e-01 4.8090577e-03
1806.0 9.1436339e-01 4.7811176e-03
1807.0 9.0577630e-01 4.7586141e-03
1808.0 9.0931226e-01 4.7678933e-03
1809.0 9.1428465e-01 4.7809117e-03
1810.0 9.0564234e-01 4.7582622e-03
1811.0 9.1314984e-01 4.7779437e-03
1812.0 9.1163999e-01 4.7739920e-03
1813.0 9.1403766e-01 4.7802659e-03
1814.0 9.2567665e-01 4.8106046e-03
1815.0 9.3205318e-01 4.8271451e-03
1816.0 9.3078940e-01 4.8238714e-03
1817.0 9.2570302e-01 4.8106731e-03
1818.0 9.1276107e-01 4.7769265e-03
1819.0 9.0972144e-01 4.7689659e-03
1820.0 9.1011179e-01 4.7699890e-03
1821.0 9.0548415e-01 4.7578466e-03
1822.0 9.0666776e-01 4.7609552e-03
1823.0 9.0898582e-01 4.7670374e-03
1824.0 9.0914943e-01 4.7674664e-03
1825.0 9.0679571e-01 4.7612911e-03
1826.0 9.0969961e-01 4.7689087e-03
1827.0 9.1409929e-01 4.7804270e-03
1828.0 9.0857800e-01 4.7659679e-03
1829.0 9.1929233e-01 4.7939867e-03
1830.0 9.1978725e-01 4.7952770e-03
1861.0 9.4868261e-01 4.8700170e-03
1862.0 9.4723286e-01 4.8662945e-03
1863.0 9.5204620e-01 4.8786428e-03
1864.0 9.5636458e-01 4.8896947e-03
1865.0 9.4427882e-01 4.8587005e-03
1866.0 9.5224285e-01 4.8791466e-03
1867.0 9.4105697e-01 4.8504046e-03
1868.0 9.4750116e-01 4.8669836e-03
1869.0 9.5408571e-01 4.8838656e-03
1870.0 9.4637368e-01 4.8640870e-03
1871.0 9.4334610e-01 4.8563003e-03
1872.0 9.3621058e-01 4.8378988e-03
1873.0 9.3504461e-01 4.8348853e-03
1874.0 9.3324978e-01 4.8302427e-03
1875.0 9.3856550e-01 4.8439795e-03
1876.0 9.4685732e-01 4.8653297e-03
1877.0 9.5528462e-01 4.8869332e-03
1878.0 9.5090580e-01 4.8757200e-03
1879.0 9.4887888e-01 4.8705207e-03
1880.0 9.3772032e-01 4.8417980e-03
1881.0 9.3265718e-01 4.8287089e-03
1882.0 9.3922040e-01 4.8456692e-03
1883.0 9.4944008e-01 4.8719608e-03
1884.0 9.4103963e-01 4.8503599e-03
1885.0 9.3722632e-01 4.8405225e-03
1886.0 9.3720055e-01 4.8404560e-03
1887.0 9.3905217e-01 4.8452352e-03
1888.0 9.3392106e-01 4.8319796e-03
1889.0 9.3706297e-01 4.8401007e-03
1890.0 9.3409068e-01 4.8324184e-03
1921.0 9.3170985e-01 4.8262560e-03
1922.0 9.1964230e-01 4.7948991e-03
1923.0 9.2544711e-01 4.8100081e-03
1924.0 9.1949910e-01 4.7945258e-03
1925.0 9.2208359e-01 4.8012592e-03
1926.0 9.3611554e-01 4.8376532e-03
1927.0 9.3051971e-01 4.8231725e-03
1928.0 9.1508054e-01 4.7829921e-03
1929.0 9.1459065e-01 4.7817117e-03
1930.0 9.2299865e-01 4.8036410e-03
1931.0 9.3626427e-01 4.8380375e-03
1932.0 9.2868174e-01 4.8184068e-03
1933.0 9.3250566e-01 4.8283167e-03
1934.0 9.2993061e-01 4.8216455e-03
1935.0 9.2978774e-01 4.8212751e-03
1936.0 9.4710074e-01 4.8659551e-03
1937.0 9.3715317e-01 4.8403336e-03
1938.0 9.3893796e-01 4.8449406e-03
1939.0 9.4184341e-01 4.8524309e-03
1940.0 9.4858083e-01 4.8697558e-03
1941.0 9.4865016e-01 4.8699337e-03
1942.0 9.5012463e-01 4.8737168e-03
1943.0 9.4711817e-01 4.8659998e-03
1944.0 9.4841329e-01 4.8693257e-03
1945.0 9.4573185e-01 4.8624373e-03
1946.0 9.4918751e-01 4.8713127e-03
1947.0 9.4644011e-01 4.8642577e-03
1948.0 9.4830247e-01 4.8690412e-03
1949.0 9.4775070e-01 4.8676245e-03
1950.0 9.5435430e-01 4.8845530e-03
1981.0 9.5376618e-01 4.8830477e-03
1982.0 9.4685118e-01 4.8653139e-03
1983.0 9.3783888e-01 4.8421041e-03
1984.0 9.3390330e-01 4.8319336e-03
1985.0 9.3965824e-01 4.8467986e-03
1986.0 9.4565390e-01 4.8622369e-03
1987.0 9.4858917e-01 4.8697771e-03
1988.0 9.5262902e-01 4.8801358e-03
1989.0 9.5532575e-01 4.8870384e-03
1990.0 9.5029122e-01 4.8741441e-03
