1.0 9.5624335e-01 4.8893848e-03
2.0 9.5842137e-01 4.8949499e-03
3.0 9.5611043e-01 4.8890450e-03
4.0 9.5511303e-01 4.8864942e-03
5.0 9.5317764e-01 4.8815409e-03
6.0 9.5368777e-01 4.8828470e-03
7.0 9.5766605e-01 4.8930207e-03
8.0 9.5506612e-01 4.8863742e-03
9.0 9.5852884e-01 4.8952243e-03
10.0 9.5579360e-01 4.8882349e-03
11.0 9.5296471e-01 4.8809956e-03
12.0 9.5582477e-01 4.8883146e-03
13.0 9.5891130e-01 4.8962008e-03
14.0 9.6175246e-01 4.9034490e-03
15.0 9.5719815e-01 4.8918252e-03
16.0 9.5564376e-01 4.8878517e-03
17.0 9.5838776e-01 4.8948641e-03
18.0 9.5847605e-01 4.8950895e-03
19.0 9.5477786e-01 4.8856368e-03
20.0 9.5637536e-01 4.8897223e-03
21.0 9.5397157e-01 4.8835734e-03
22.0 9.6004051e-01 4.8990829e-03
23.0 9.6510159e-01 4.9119792e-03
24.0 9.6681777e-01 4.9163446e-03
25.0 9.7107525e-01 4.9271575e-03
26.0 9.7072706e-01 4.9262741e-03
27.0 9.7290934e-01 4.9318084e-03
28.0 9.7722506e-01 4.9427347e-03
29.0 9.7746840e-01 4.9433501e-03
30.0 9.7601131e-01 4.9396643e-03
31.0 9.6971354e-01 4.9237017e-03
32.0 9.6907139e-01 4.9220712e-03
33.0 9.7134747e-01 4.9278481e-03
34.0 9.7399573e-01 4.9345611e-03
35.0 9.7524024e-01 4.9377127e-03
36.0 9.7293036e-01 4.9318616e-03
37.0 9.6574046e-01 4.9136048e-03
38.0 9.6392322e-01 4.9089796e-03
39.0 9.6263478e-01 4.9056977e-03
40.0 9.6134646e-01 4.9024139e-03
41.0 9.6326219e-01 4.9072961e-03
42.0 9.6970049e-01 4.9236686e-03
43.0 9.6968903e-01 4.9236395e-03
44.0 9.6852501e-01 4.9206834e-03
45.0 9.6728029e-01 4.9175205e-03
46.0 9.6740546e-01 4.9178386e-03
47.0 9.6437695e-01 4.9101348e-03
48.0 9.6453010e-01 4.9105247e-03
49.0 9.6576100e-01 4.9136570e-03
50.0 9.6621134e-01 4.9148025e-03
51.0 9.6747790e-01 4.9180227e-03
52.0 9.6855616e-01 4.9207626e-03
53.0 9.6228936e-01 4.9048174e-03
54.0 9.6428161e-01 4.9098921e-03
55.0 9.6173377e-01 4.9034013e-03
56.0 9.5797863e-01 4.8938192e-03
57.0 9.5427755e-01 4.8843566e-03
58.0 9.5574230e-01 4.8881037e-03
59.0 9.5507247e-01 4.8863905e-03
60.0 9.4946545e-01 4.8720259e-03
61.0 9.5146269e-01 4.8771475e-03
62.0 9.4671770e-01 4.8649710e-03
63.0 9.4760950e-01 4.8672618e-03
64.0 9.4861221e-01 4.8698363e-03
65.0 9.5182709e-01 4.8780813e-03
66.0 9.5784149e-01 4.8934689e-03
67.0 9.5331469e-01 4.8818918e-03
68.0 9.5326953e-01 4.8817762e-03
69.0 9.5246345e-01 4.8797117e-03
70.0 9.5404278e-01 4.8837557e-03
71.0 9.5479048e-01 4.8856691e-03
72.0 9.5367777e-01 4.8828214e-03
73.0 9.5225850e-01 4.8791867e-03
74.0 9.4879400e-01 4.8703029e-03
75.0 9.5234660e-01 4.8794124e-03
76.0 9.5403580e-01 4.8837378e-03
77.0 9.5710725e-01 4.8915929e-03
78.0 9.5601911e-01 4.8888115e-03
79.0 9.5382065e-01 4.8831871e-03
80.0 9.5046511e-01 4.8745900e-03
81.0 9.5171974e-01 4.8778063e-03
82.0 9.4849575e-01 4.8695374e-03
83.0 9.5489207e-01 4.8859290e-03
84.0 9.5062253e-01 4.8749937e-03
85.0 9.5172848e-01 4.8778286e-03
86.0 9.5709087e-01 4.8915511e-03
87.0 9.5895055e-01 4.8963010e-03
88.0 9.5958362e-01 4.8979170e-03
89.0 9.5618129e-01 4.8892262e-03
90.0 9.5175820e-01 4.8779048e-03
91.0 9.5441181e-01 4.8847002e-03
92.0 9.5940841e-01 4.8974698e-03
93.0 9.5793781e-01 4.8937149e-03
94.0 9.5413894e-01 4.8840018e-03
95.0 9.4615302e-01 4.8635199e-03
96.0 9.4318646e-01 4.8558894e-03
97.0 9.4324066e-01 4.8560289e-03
98.0 9.4900867e-01 4.8708538e-03
99.0 9.5142806e-01 4.8770587e-03
100.0 9.5265136e-01 4.8801930e-03
101.0 9.5145495e-01 4.8771277e-03
102.0 9.4959794e-01 4.8723658e-03
103.0 9.5461841e-01 4.8852288e-03
104.0 9.5522164e-01 4.8867721e-03
105.0 9.4841020e-01 4.8693177e-03
106.0 9.4632641e-01 4.8639655e-03
107.0 9.4390614e-01 4.8577416e-03
108.0 9.4255774e-01 4.8542707e-03
109.0 9.4477545e-01 4.8599780e-03
110.0 9.4479383e-01 4.8600253e-03
111.0 9.4495620e-01 4.8604429e-03
112.0 9.4964211e-01 4.8724792e-03
113.0 9.4766074e-01 4.8673934e-03
114.0 9.5406007e-01 4.8838000e-03
115.0 9.5190105e-01 4.8782709e-03
116.0 9.5234485e-01 4.8794079e-03
117.0 9.5153782e-01 4.8773400e-03
118.0 9.5213075e-01 4.8788594e-03
119.0 9.5377021e-01 4.8830580e-03
120.0 9.5530435e-01 4.8869836e-03
121.0 9.5285194e-01 4.8807068e-03
122.0 9.4938714e-01 4.8718250e-03
123.0 9.5778306e-01 4.8933196e-03
124.0 9.5621130e-01 4.8893029e-03
125.0 9.5858021e-01 4.8953555e-03
126.0 9.5320411e-01 4.8816086e-03
127.0 9.5236508e-01 4.8794597e-03
128.0 9.5208083e-01 4.8787315e-03
129.0 9.5383748e-01 4.8832302e-03
130.0 9.4489875e-01 4.8602952e-03
131.0 9.4580229e-01 4.8626184e-03
132.0 9.4227537e-01 4.8535435e-03
133.0 9.4385854e-01 4.8576191e-03
134.0 9.4079722e-01 4.8497351e-03
135.0 9.3848377e-01 4.8437686e-03
136.0 9.3818297e-01 4.8429923e-03
137.0 9.3529155e-01 4.8355237e-03
138.0 9.3445452e-01 4.8333594e-03
139.0 9.3108936e-01 4.8246486e-03
140.0 9.2587112e-01 4.8111099e-03
141.0 9.3019187e-01 4.8223228e-03
142.0 9.2676968e-01 4.8134439e-03
143.0 9.2708219e-01 4.8142554e-03
144.0 9.3043448e-01 4.8229516e-03
145.0 9.2918408e-01 4.8197098e-03
146.0 9.2740151e-01 4.8150844e-03
147.0 9.2903152e-01 4.8193141e-03
148.0 9.3358635e-01 4.8311136e-03
149.0 9.3042037e-01 4.8229150e-03
150.0 9.3081243e-01 4.8239311e-03
151.0 9.2594093e-01 4.8112912e-03
152.0 9.2551365e-01 4.8101810e-03
153.0 9.2664986e-01 4.8131327e-03
154.0 9.2472560e-01 4.8081327e-03
155.0 9.2415614e-01 4.8066520e-03
156.0 9.2059515e-01 4.7973825e-03
157.0 9.2189673e-01 4.8007727e-03
158.0 9.2653819e-01 4.8128427e-03
159.0 9.2382808e-01 4.8057988e-03
160.0 9.2284889e-01 4.8032512e-03
161.0 9.2548760e-01 4.8101133e-03
162.0 9.3055376e-01 4.8232607e-03
163.0 9.2636700e-01 4.8123981e-03
164.0 9.2677363e-01 4.8134542e-03
165.0 9.2850731e-01 4.8179542e-03
166.0 9.2931653e-01 4.8200533e-03
167.0 9.2189302e-01 4.8007630e-03
168.0 9.2458628e-01 4.8077705e-03
169.0 9.3061702e-01 4.8234247e-03
170.0 9.3185440e-01 4.8266303e-03
171.0 9.2927410e-01 4.8199432e-03
172.0 9.2831602e-01 4.8174579e-03
173.0 9.3516036e-01 4.8351845e-03
174.0 9.3895226e-01 4.8449775e-03
175.0 9.4150859e-01 4.8515683e-03
176.0 9.4323496e-01 4.8560142e-03
177.0 9.4157707e-01 4.8517447e-03
178.0 9.4132751e-01 4.8511017e-03
179.0 9.4154056e-01 4.8516507e-03
180.0 9.4387004e-01 4.8576487e-03
181.0 9.4925032e-01 4.8714739e-03
182.0 9.5329194e-01 4.8818335e-03
183.0 9.4863088e-01 4.8698842e-03
184.0 9.4956979e-01 4.8722936e-03
185.0 9.5232730e-01 4.8793630e-03
186.0 9.5450933e-01 4.8849497e-03
187.0 9.5254312e-01 4.8799158e-03
188.0 9.6236208e-01 4.9050028e-03
189.0 9.5804329e-01 4.8939843e-03
190.0 9.5440901e-01 4.8846930e-03
191.0 9.5525812e-01 4.8868654e-03
192.0 9.6233618e-01 4.9049368e-03
193.0 9.5936142e-01 4.8973499e-03
194.0 9.5836597e-01 4.8948084e-03
195.0 9.6201929e-01 4.9041291e-03
196.0 9.6185323e-01 4.9037058e-03
197.0 9.6056645e-01 4.9004246e-03
198.0 9.6232759e-01 4.9049149e-03
199.0 9.6313025e-01 4.9069600e-03
200.0 9.6634981e-01 4.9151547e-03
201.0 9.7044781e-01 4.9255655e-03
202.0 9.7104867e-01 4.9270901e-03
203.0 9.7158856e-01 4.9284596e-03
204.0 9.7185751e-01 4.9291417e-03
205.0 9.7294065e-01 4.9318877e-03
206.0 9.7274245e-01 4.9313854e-03
207.0 9.7225942e-01 4.9301608e-03
208.0 9.7578814e-01 4.9390995e-03
209.0 9.8025195e-01 4.9503837e-03
210.0 9.7455046e-01 4.9359661e-03
211.0 9.7417079e-01 4.9350046e-03
212.0 9.7124358e-01 4.9275846e-03
213.0 9.6983994e-01 4.9240226e-03
214.0 9.7073085e-01 4.9262838e-03
215.0 9.7260751e-01 4.9310433e-03
216.0 9.7178143e-01 4.9289488e-03
217.0 9.6497025e-01 4.9116450e-03
218.0 9.6160479e-01 4.9030725e-03
219.0 9.6433527e-01 4.9100287e-03
220.0 9.5505457e-01 4.8863447e-03
221.0 9.5910532e-01 4.8966962e-03
222.0 9.6082109e-01 4.9010741e-03
223.0 9.6505670e-01 4.9118650e-03
224.0 9.6422276e-01 4.9097423e-03
225.0 9.5708921e-01 4.8915469e-03
226.0 9.5850980e-01 4.8951757e-03
227.0 9.6277961e-01 4.9060667e-03
228.0 9.6567130e-01 4.9134288e-03
229.0 9.6325564e-01 4.9072794e-03
230.0 9.6334444e-01 4.9075056e-03
231.0 9.6138670e-01 4.9025165e-03
232.0 9.5856645e-01 4.8953204e-03
233.0 9.6171334e-01 4.9033492e-03
234.0 9.5760022e-01 4.8928525e-03
235.0 9.5464188e-01 4.8852889e-03
236.0 9.5106313e-01 4.8761233e-03
237.0 9.4638230e-01 4.8641092e-03
238.0 9.4718623e-01 4.8661747e-03
239.0 9.5146174e-01 4.8771450e-03
240.0 9.5094425e-01 4.8758185e-03
241.0 9.4612369e-01 4.8634445e-03
242.0 9.4941917e-01 4.8719072e-03
243.0 9.5516410e-01 4.8866249e-03
244.0 9.5312710e-01 4.8814114e-03
245.0 9.5166368e-01 4.8776626e-03
246.0 9.5356380e-01 4.8825296e-03
247.0 9.5907004e-01 4.8966061e-03
248.0 9.5722712e-01 4.8918993e-03
249.0 9.5289147e-01 4.8808080e-03
250.0 9.5505583e-01 4.8863479e-03
251.0 9.5784312e-01 4.8934730e-03
252.0 9.5783452e-01 4.8934511e-03
253.0 9.5603179e-01 4.8888439e-03
254.0 9.5938397e-01 4.8974074e-03
255.0 9.6109412e-01 4.9017704e-03
256.0 9.5843441e-01 4.8949832e-03
257.0 9.5853517e-01 4.8952405e-03
258.0 9.5404388e-01 4.8837585e-03
259.0 9.5649123e-01 4.8900185e-03
260.0 9.5567021e-01 4.8879193e-03
261.0 9.5418656e-01 4.8841237e-03
262.0 9.5416934e-01 4.8840796e-03
263.0 9.5445171e-01 4.8848022e-03
264.0 9.5760837e-01 4.8928733e-03
265.0 9.5958614e-01 4.8979234e-03
266.0 9.5891269e-01 4.8962044e-03
267.0 9.6147112e-01 4.9027317e-03
268.0 9.6276314e-01 4.9060247e-03
269.0 9.6113120e-01 4.9018650e-03
270.0 9.6066571e-01 4.9006778e-03
271.0 9.6006957e-01 4.8991570e-03
272.0 9.6158792e-01 4.9030295e-03
273.0 9.6028935e-01 4.8997177e-03
274.0 9.5893053e-01 4.8962499e-03
275.0 9.6543331e-01 4.9128233e-03
276.0 9.6835830e-01 4.9202599e-03
277.0 9.6548967e-01 4.9129667e-03
278.0 9.6698914e-01 4.9167803e-03
279.0 9.6717634e-01 4.9172562e-03
280.0 9.6814582e-01 4.9197201e-03
281.0 9.6839773e-01 4.9203601e-03
282.0 9.7202547e-01 4.9295676e-03
283.0 9.7274058e-01 4.9313806e-03
284.0 9.7201883e-01 4.9295508e-03
285.0 9.7512097e-01 4.9374107e-03
286.0 9.7536921e-01 4.9380391e-03
287.0 9.7514091e-01 4.9374612e-03
288.0 9.7564143e-01 4.9387282e-03
289.0 9.7485587e-01 4.9367395e-03
290.0 9.7445379e-01 4.9357213e-03
291.0 9.7199793e-01 4.9294978e-03
292.0 9.6902142e-01 4.9219443e-03
293.0 9.6530697e-01 4.9125019e-03
294.0 9.6054028e-01 4.9003579e-03
295.0 9.5748027e-01 4.8925461e-03
296.0 9.5690220e-01 4.8910689e-03
297.0 9.5721102e-01 4.8918581e-03
298.0 9.5643974e-01 4.8898869e-03
299.0 9.4863820e-01 4.8699030e-03
300.0 9.5418416e-01 4.8841176e-03
301.0 9.5779209e-01 4.8933427e-03
302.0 9.5939296e-01 4.8974304e-03
303.0 9.6555394e-01 4.9131302e-03
304.0 9.6224610e-01 4.9047072e-03
305.0 9.6835348e-01 4.9202477e-03
306.0 9.6479605e-01 4.9112016e-03
307.0 9.6542060e-01 4.9127910e-03
308.0 9.6089449e-01 4.9012613e-03
309.0 9.6090499e-01 4.9012881e-03
310.0 9.6213356e-01 4.9044204e-03
311.0 9.6130946e-01 4.9023195e-03
312.0 9.6370085e-01 4.9084133e-03
313.0 9.6387611e-01 4.9088596e-03
314.0 9.6195631e-01 4.9039686e-03
315.0 9.6003593e-01 4.8990712e-03
316.0 9.6254457e-01 4.9054678e-03
317.0 9.6026152e-01 4.8996468e-03
318.0 9.6316869e-01 4.9070579e-03
319.0 9.6723188e-01 4.9173974e-03
320.0 9.6133254e-01 4.9023784e-03
321.0 9.6498254e-01 4.9116763e-03
322.0 9.7162502e-01 4.9285521e-03
323.0 9.7207906e-01 4.9297035e-03
324.0 9.7362429e-01 4.9336201e-03
325.0 9.7670090e-01 4.9414090e-03
326.0 9.7511262e-01 4.9373896e-03
327.0 9.7515108e-01 4.9374869e-03
328.0 9.7026272e-01 4.9250958e-03
329.0 9.7035746e-01 4.9253362e-03
330.0 9.7158020e-01 4.9284384e-03
331.0 9.7295248e-01 4.9319177e-03
332.0 9.7606860e-01 4.9398092e-03
333.0 9.7288062e-01 4.9317356e-03
334.0 9.7065104e-01 4.9260812e-03
335.0 9.7666797e-01 4.9413257e-03
336.0 9.7545931e-01 4.9382672e-03
337.0 9.7555824e-01 4.9385176e-03
338.0 9.7484336e-01 4.9367078e-03
339.0 9.7158501e-01 4.9284506e-03
340.0 9.7665105e-01 4.9412829e-03
341.0 9.7429719e-01 4.9353247e-03
342.0 9.7006900e-01 4.9246041e-03
343.0 9.6827537e-01 4.9200492e-03
344.0 9.6123820e-01 4.9021378e-03
345.0 9.5905460e-01 4.8965667e-03
346.0 9.5585407e-01 4.8883895e-03
347.0 9.5788437e-01 4.8935784e-03
348.0 9.5571807e-01 4.8880417e-03
349.0 9.5869596e-01 4.8956510e-03
350.0 9.6337803e-01 4.9075912e-03
351.0 9.6569339e-01 4.9134850e-03
352.0 9.6474466e-01 4.9110708e-03
353.0 9.6507189e-01 4.9119037e-03
354.0 9.5977939e-01 4.8984166e-03
355.0 9.5930630e-01 4.8972092e-03
356.0 9.5643414e-01 4.8898726e-03
357.0 9.5883976e-01 4.8960182e-03
358.0 9.6730543e-01 4.9175844e-03
359.0 9.6866595e-01 4.9210415e-03
360.0 9.6176336e-01 4.9034768e-03
361.0 9.6043842e-01 4.9000980e-03
362.0 9.6077067e-01 4.9009455e-03
363.0 9.6095135e-01 4.9014063e-03
364.0 9.5852475e-01 4.8952139e-03
365.0 9.5930234e-01 4.8971991e-03
366.0 9.5522338e-01 4.8867765e-03
367.0 9.5207119e-01 4.8787068e-03
368.0 9.5444801e-01 4.8847928e-03
369.0 9.5131019e-01 4.8767566e-03
370.0 9.5318456e-01 4.8815586e-03
371.0 9.4883306e-01 4.8704031e-03
372.0 9.5493454e-01 4.8860376e-03
373.0 9.5246394e-01 4.8797130e-03
374.0 9.5204006e-01 4.8786270e-03
375.0 9.5326912e-01 4.8817751e-03
376.0 9.5154977e-01 4.8773706e-03
377.0 9.5214945e-01 4.8789073e-03
378.0 9.5434618e-01 4.8845322e-03
379.0 9.5769699e-01 4.8930997e-03
380.0 9.6034641e-01 4.8998633e-03
381.0 9.5969568e-01 4.8982030e-03
382.0 9.5908484e-01 4.8966439e-03
383.0 9.6692564e-01 4.9166189e-03
384.0 9.6983328e-01 4.9240057e-03
385.0 9.6630626e-01 4.9150439e-03
386.0 9.6642582e-01 4.9153480e-03
387.0 9.6516380e-01 4.9121375e-03
388.0 9.6450898e-01 4.9104709e-03
389.0 9.6012852e-01 4.8993074e-03
390.0 9.5882086e-01 4.8959700e-03
391.0 9.6478765e-01 4.9111803e-03
392.0 9.6654771e-01 4.9156580e-03
393.0 9.5796775e-01 4.8937914e-03
394.0 9.6208069e-01 4.9042856e-03
395.0 9.6559570e-01 4.9132365e-03
396.0 9.6412870e-01 4.9095028e-03
397.0 9.6635223e-01 4.9151608e-03
398.0 9.6322744e-01 4.9072076e-03
399.0 9.6163174e-01 4.9031412e-03
400.0 9.6642451e-01 4.9153446e-03
401.0 9.6524078e-01 4.9123334e-03
402.0 9.5883983e-01 4.8960184e-03
403.0 9.5865955e-01 4.8955581e-03
404.0 9.5842513e-01 4.8949595e-03
405.0 9.6230499e-01 4.9048573e-03
406.0 9.6238794e-01 4.9050687e-03
407.0 9.6079975e-01 4.9010197e-03
408.0 9.6420573e-01 4.9096989e-03
409.0 9.6440610e-01 4.9102090e-03
410.0 9.6174343e-01 4.9034259e-03
411.0 9.6546938e-01 4.9129151e-03
412.0 9.6595564e-01 4.9141521e-03
413.0 9.6569018e-01 4.9134769e-03
414.0 9.6609901e-01 4.9145168e-03
415.0 9.6225895e-01 4.9047400e-03
416.0 9.6042515e-01 4.9000642e-03
417.0 9.6033303e-01 4.8998292e-03
418.0 9.5972969e-01 4.8982897e-03
419.0 9.6381971e-01 4.9087160e-03
420.0 9.6440390e-01 4.9102034e-03
421.0 9.6706189e-01 4.9169653e-03
422.0 9.6683087e-01 4.9163779e-03
423.0 9.7013423e-01 4.9247696e-03
424.0 9.7104961e-01 4.9270925e-03
425.0 9.7079454e-01 4.9264454e-03
426.0 9.7027105e-01 4.9251169e-03
427.0 9.6679343e-01 4.9162827e-03
428.0 9.6817899e-01 4.9198044e-03
429.0 9.6780920e-01 4.9188647e-03
430.0 9.6584164e-01 4.9138621e-03
431.0 9.6928470e-01 4.9226129e-03
432.0 9.6487486e-01 4.9114022e-03
433.0 9.6319524e-01 4.9071256e-03
434.0 9.6652463e-01 4.9155993e-03
435.0 9.6726538e-01 4.9174826e-03
436.0 9.6688408e-01 4.9165132e-03
437.0 9.6740156e-01 4.9178287e-03
438.0 9.6775287e-01 4.9187216e-03
439.0 9.6246977e-01 4.9052772e-03
440.0 9.6128631e-01 4.9022605e-03
441.0 9.6649035e-01 4.9155121e-03
442.0 9.6413877e-01 4.9095284e-03
443.0 9.6284935e-01 4.9062444e-03
444.0 9.6089671e-01 4.9012670e-03
445.0 9.6063335e-01 4.9005953e-03
446.0 9.5858970e-01 4.8953797e-03
447.0 9.6015801e-01 4.8993827e-03
448.0 9.6082167e-01 4.9010756e-03
449.0 9.6328823e-01 4.9073624e-03
450.0 9.5958036e-01 4.8979087e-03
451.0 9.5856338e-01 4.8953125e-03
452.0 9.5782971e-01 4.8934388e-03
453.0 9.5940764e-01 4.8974678e-03
454.0 9.5669135e-01 4.8905300e-03
455.0 9.5976188e-01 4.8983719e-03
456.0 9.6371962e-01 4.9084611e-03
457.0 9.6028901e-01 4.8997169e-03
458.0 9.5865346e-01 4.8955426e-03
459.0 9.5681498e-01 4.8908460e-03
460.0 9.6560341e-01 4.9132561e-03
461.0 9.6394129e-01 4.9090256e-03
462.0 9.6940857e-01 4.9229274e-03
463.0 9.6478049e-01 4.9111620e-03
464.0 9.6142357e-01 4.9026105e-03
465.0 9.5905783e-01 4.8965749e-03
466.0 9.5624591e-01 4.8893914e-03
467.0 9.5541639e-01 4.8872702e-03
468.0 9.5323708e-01 4.8816931e-03
469.0 9.5066216e-01 4.8750953e-03
470.0 9.5468841e-01 4.8854079e-03
471.0 9.5887657e-01 4.8961122e-03
472.0 9.6201052e-01 4.9041068e-03
473.0 9.6371970e-01 4.9084613e-03
474.0 9.6380417e-01 4.9086765e-03
475.0 9.6210235e-01 4.9043408e-03
476.0 9.5885391e-01 4.8960543e-03
477.0 9.5995546e-01 4.8988659e-03
478.0 9.5606107e-01 4.8889188e-03
479.0 9.5286027e-01 4.8807281e-03
480.0 9.5691255e-01 4.8910954e-03
481.0 9.6331591e-01 4.9074329e-03
482.0 9.6432863e-01 4.9100118e-03
483.0 9.6789606e-01 4.9190855e-03
484.0 9.6680615e-01 4.9163151e-03
485.0 9.6207074e-01 4.9042603e-03
486.0 9.6404683e-01 4.9092944e-03
487.0 9.6582138e-01 4.9138106e-03
488.0 9.6581375e-01 4.9137912e-03
489.0 9.6473665e-01 4.9110504e-03
490.0 9.6796192e-01 4.9192528e-03
491.0 9.6429234e-01 4.9099194e-03
492.0 9.6155394e-01 4.9029429e-03
493.0 9.5807184e-01 4.8940572e-03
494.0 9.5844472e-01 4.8950095e-03
495.0 9.5483177e-01 4.8857747e-03
496.0 9.5260691e-01 4.8800792e-03
497.0 9.5049800e-01 4.8746744e-03
498.0 9.4998169e-01 4.8733502e-03
499.0 9.4537976e-01 4.8615321e-03
500.0 9.4601643e-01 4.8631688e-03
501.0 9.5058965e-01 4.8749094e-03
502.0 9.5123990e-01 4.8765764e-03
503.0 9.5659549e-01 4.8902850e-03
504.0 9.6115196e-01 4.9019179e-03
505.0 9.6369574e-01 4.9084003e-03
506.0 9.6378468e-01 4.9086268e-03
507.0 9.6360072e-01 4.9081583e-03
508.0 9.6604058e-01 4.9143682e-03
509.0 9.6454208e-01 4.9105552e-03
510.0 9.5810192e-01 4.8941341e-03
511.0 9.5979388e-01 4.8984536e-03
512.0 9.5603975e-01 4.8888643e-03
513.0 9.5295034e-01 4.8809588e-03
514.0 9.5317315e-01 4.8815294e-03
515.0 9.5294532e-01 4.8809460e-03
516.0 9.4839967e-01 4.8692907e-03
517.0 9.4935694e-01 4.8717475e-03
518.0 9.5293467e-01 4.8809187e-03
519.0 9.4927093e-01 4.8715268e-03
520.0 9.5384934e-01 4.8832606e-03
521.0 9.4883598e-01 4.8704106e-03
522.0 9.5615336e-01 4.8891547e-03
523.0 9.5487116e-01 4.8858755e-03
524.0 9.5544016e-01 4.8873310e-03
525.0 9.4921063e-01 4.8713721e-03
526.0 9.4936155e-01 4.8717593e-03
527.0 9.5045253e-01 4.8745578e-03
528.0 9.5050374e-01 4.8746891e-03
529.0 9.4884573e-01 4.8704357e-03
530.0 9.4600230e-01 4.8631325e-03
531.0 9.5013871e-01 4.8737530e-03
532.0 9.5059032e-01 4.8749111e-03
533.0 9.5599995e-01 4.8887625e-03
534.0 9.5433814e-01 4.8845116e-03
535.0 9.5302370e-01 4.8811467e-03
536.0 9.5581990e-01 4.8883021e-03
537.0 9.5059019e-01 4.8749108e-03
538.0 9.4693694e-01 4.8655343e-03
539.0 9.5091863e-01 4.8757529e-03
540.0 9.4716042e-01 4.8661084e-03
541.0 9.4156366e-01 4.8517102e-03
542.0 9.4832492e-01 4.8690988e-03
543.0 9.4398272e-01 4.8579387e-03
544.0 9.4498765e-01 4.8605238e-03
545.0 9.4576484e-01 4.8625221e-03
546.0 9.3681272e-01 4.8394543e-03
547.0 9.3661441e-01 4.8389421e-03
548.0 9.3881672e-01 4.8446278e-03
549.0 9.4063009e-01 4.8493043e-03
550.0 9.4420565e-01 4.8585123e-03
551.0 9.4334132e-01 4.8562880e-03
552.0 9.4622432e-01 4.8637032e-03
553.0 9.4426516e-01 4.8586654e-03
554.0 9.4014195e-01 4.8480459e-03
555.0 9.3627687e-01 4.8380701e-03
556.0 9.3224958e-01 4.8276536e-03
557.0 9.3648642e-01 4.8386115e-03
558.0 9.3207170e-01 4.8271931e-03
559.0 9.3389926e-01 4.8319232e-03
560.0 9.3381956e-01 4.8317170e-03
561.0 9.3405579e-01 4.8323281e-03
562.0 9.3949876e-01 4.8463872e-03
563.0 9.3852522e-01 4.8438756e-03
564.0 9.4131866e-01 4.8510789e-03
565.0 9.4200165e-01 4.8528385e-03
566.0 9.4191314e-01 4.8526105e-03
567.0 9.5028353e-01 4.8741244e-03
568.0 9.4570444e-01 4.8623668e-03
569.0 9.5034664e-01 4.8742862e-03
570.0 9.5290935e-01 4.8808538e-03
571.0 9.5136277e-01 4.8768914e-03
572.0 9.5703724e-01 4.8914140e-03
573.0 9.5092425e-01 4.8757673e-03
574.0 9.4964363e-01 4.8724830e-03
575.0 9.4586569e-01 4.8627814e-03
576.0 9.4766370e-01 4.8674010e-03
577.0 9.4431463e-01 4.8587926e-03
578.0 9.4622762e-01 4.8637116e-03
579.0 9.4599065e-01 4.8631025e-03
580.0 9.4482116e-01 4.8600956e-03
581.0 9.4655094e-01 4.8645425e-03
582.0 9.4602067e-01 4.8631797e-03
583.0 9.4284582e-01 4.8550124e-03
584.0 9.5266369e-01 4.8802246e-03
585.0 9.5124698e-01 4.8765946e-03
586.0 9.4406566e-01 4.8581521e-03
587.0 9.4174803e-01 4.8521852e-03
588.0 9.3819922e-01 4.8430342e-03
589.0 9.4152900e-01 4.8516209e-03
590.0 9.4318800e-01 4.8558934e-03
591.0 9.4493181e-01 4.8603802e-03
592.0 9.4413054e-01 4.8583190e-03
593.0 9.4370202e-01 4.8572164e-03
594.0 9.4298349e-01 4.8553669e-03
595.0 9.4319915e-01 4.8559221e-03
596.0 9.4656179e-01 4.8645704e-03
597.0 9.4802226e-01 4.8683218e-03
598.0 9.5011254e-01 4.8736858e-03
599.0 9.5199132e-01 4.8785021e-03
600.0 9.5502128e-01 4.8862595e-03
601.0 9.5627591e-01 4.8894681e-03
602.0 9.5744323e-01 4.8924514e-03
603.0 9.6153054e-01 4.9028832e-03
604.0 9.5921285e-01 4.8969707e-03
605.0 9.5652037e-01 4.8900930e-03
606.0 9.5264629e-01 4.8801801e-03
607.0 9.5336174e-01 4.8820123e-03
608.0 9.4742863e-01 4.8667973e-03
609.0 9.4935064e-01 4.8717313e-03
610.0 9.4933040e-01 4.8716794e-03
611.0 9.5336936e-01 4.8820318e-03
612.0 9.5127899e-01 4.8766766e-03
613.0 9.5087094e-01 4.8756306e-03
614.0 9.5489282e-01 4.8859309e-03
615.0 9.5968328e-01 4.8981713e-03
616.0 9.5738494e-01 4.8923025e-03
617.0 9.5799705e-01 4.8938662e-03
618.0 9.5908803e-01 4.8966520e-03
619.0 9.6029271e-01 4.8997263e-03
620.0 9.5945915e-01 4.8975993e-03
621.0 9.6379322e-01 4.9086486e-03
622.0 9.5725816e-01 4.8919786e-03
623.0 9.5598663e-01 4.8887285e-03
624.0 9.5750977e-01 4.8926214e-03
625.0 9.5911903e-01 4.8967311e-03
626.0 9.6362732e-01 4.9082261e-03
627.0 9.6746690e-01 4.9179948e-03
628.0 9.6640475e-01 4.9152944e-03
629.0 9.7037687e-01 4.9253855e-03
630.0 9.6771857e-01 4.9186344e-03
631.0 9.7043541e-01 4.9255340e-03
632.0 9.7622005e-01 4.9401925e-03
633.0 9.7977454e-01 4.9491781e-03
634.0 9.7942442e-01 4.9482937e-03
635.0 9.7761599e-01 4.9437233e-03
636.0 9.7210758e-01 4.9297758e-03
637.0 9.7275592e-01 4.9314195e-03
638.0 9.6868598e-01 4.9210923e-03
639.0 9.6583884e-01 4.9138550e-03
640.0 9.6158487e-01 4.9030217e-03
641.0 9.5997398e-01 4.8989131e-03
642.0 9.5985462e-01 4.8986086e-03
643.0 9.6081956e-01 4.9010702e-03
644.0 9.5880494e-01 4.8959293e-03
645.0 9.6232982e-01 4.9049206e-03
646.0 9.6161959e-01 4.9031102e-03
647.0 9.5893191e-01 4.8962535e-03
648.0 9.5968557e-01 4.8981772e-03
649.0 9.6615361e-01 4.9146557e-03
650.0 9.6708493e-01 4.9170238e-03
651.0 9.6555831e-01 4.9131414e-03
652.0 9.6043491e-01 4.9000891e-03
653.0 9.5967416e-01 4.8981481e-03
654.0 9.6046181e-01 4.9001577e-03
655.0 9.5916771e-01 4.8968554e-03
656.0 9.5365391e-01 4.8827603e-03
657.0 9.5099516e-01 4.8759491e-03
658.0 9.5609622e-01 4.8890087e-03
659.0 9.6089512e-01 4.9012629e-03
660.0 9.5795470e-01 4.8937581e-03
661.0 9.6027043e-01 4.8996695e-03
662.0 9.5630602e-01 4.8895451e-03
663.0 9.6114568e-01 4.9019019e-03
664.0 9.6184398e-01 4.9036823e-03
665.0 9.6497071e-01 4.9116462e-03
666.0 9.5911521e-01 4.8967214e-03
667.0 9.6141313e-01 4.9025839e-03
668.0 9.6134494e-01 4.9024100e-03
669.0 9.6411375e-01 4.9094647e-03
670.0 9.6688052e-01 4.9165042e-03
671.0 9.6703603e-01 4.9168995e-03
672.0 9.6483664e-01 4.9113050e-03
673.0 9.6717264e-01 4.9172468e-03
674.0 9.6677935e-01 4.9162470e-03
675.0 9.6361430e-01 4.9081929e-03
676.0 9.6039170e-01 4.8999788e-03
677.0 9.5552786e-01 4.8875553e-03
678.0 9.5397459e-01 4.8835812e-03
679.0 9.5781998e-01 4.8934139e-03
680.0 9.5844138e-01 4.8950010e-03
681.0 9.5673521e-01 4.8906421e-03
682.0 9.5953343e-01 4.8977889e-03
683.0 9.5674386e-01 4.8906642e-03
684.0 9.5721648e-01 4.8918721e-03
685.0 9.5670808e-01 4.8905728e-03
686.0 9.5947141e-01 4.8976306e-03
687.0 9.5419287e-01 4.8841398e-03
688.0 9.5150540e-01 4.8772569e-03
689.0 9.4628630e-01 4.8638624e-03
690.0 9.4588465e-01 4.8628301e-03
691.0 9.5033544e-01 4.8742575e-03
692.0 9.4891205e-01 4.8706059e-03
693.0 9.4761536e-01 4.8672769e-03
694.0 9.5078176e-01 4.8754020e-03
695.0 9.5465902e-01 4.8853327e-03
696.0 9.5456331e-01 4.8850878e-03
697.0 9.5695879e-01 4.8912136e-03
698.0 9.5347915e-01 4.8823129e-03
699.0 9.5825063e-01 4.8945139e-03
700.0 9.6539543e-01 4.9127270e-03
701.0 9.6705091e-01 4.9169374e-03
702.0 9.5981173e-01 4.8984991e-03
703.0 9.5802494e-01 4.8939375e-03
704.0 9.6012083e-01 4.8992878e-03
705.0 9.5865113e-01 4.8955366e-03
706.0 9.6295803e-01 4.9065213e-03
707.0 9.6476823e-01 4.9111308e-03
708.0 9.6238456e-01 4.9050601e-03
709.0 9.6229609e-01 4.9048346e-03
710.0 9.5927948e-01 4.8971407e-03
711.0 9.5866544e-01 4.8955731e-03
712.0 9.5685647e-01 4.8909521e-03
713.0 9.6098807e-01 4.9015000e-03
714.0 9.6792804e-01 4.9191667e-03
715.0 9.6291554e-01 4.9064130e-03
716.0 9.5640588e-01 4.8898003e-03
717.0 9.5577551e-01 4.8881886e-03
718.0 9.5078557e-01 4.8754117e-03
719.0 9.5129707e-01 4.8767230e-03
720.0 9.5397036e-01 4.8835703e-03
721.0 9.5912139e-01 4.8967372e-03
722.0 9.5988213e-01 4.8986788e-03
723.0 9.5925044e-01 4.8970666e-03
724.0 9.5269784e-01 4.8803121e-03
725.0 9.5293147e-01 4.8809105e-03
726.0 9.5341244e-01 4.8821421e-03
727.0 9.5576297e-01 4.8881566e-03
728.0 9.5349514e-01 4.8823538e-03
729.0 9.5235666e-01 4.8794382e-03
730.0 9.4751169e-01 4.8670106e-03
731.0 9.4036859e-01 4.8486302e-03
732.0 9.3730743e-01 4.8407320e-03
733.0 9.3268737e-01 4.8287871e-03
734.0 9.3470918e-01 4.8340180e-03
735.0 9.3386201e-01 4.8318268e-03
736.0 9.3285502e-01 4.8292210e-03
737.0 9.3049763e-01 4.8231153e-03
738.0 9.2068290e-01 4.7976112e-03
739.0 9.2684955e-01 4.8136513e-03
740.0 9.2454800e-01 4.8076710e-03
741.0 9.2426164e-01 4.8069264e-03
742.0 9.2041157e-01 4.7969042e-03
743.0 9.2491040e-01 4.8086131e-03
744.0 9.2653549e-01 4.8128357e-03
745.0 9.2485011e-01 4.8084564e-03
746.0 9.2461882e-01 4.8078551e-03
747.0 9.3122320e-01 4.8249954e-03
748.0 9.3195333e-01 4.8268865e-03
749.0 9.3224308e-01 4.8276368e-03
750.0 9.2995373e-01 4.8217055e-03
751.0 9.2459950e-01 4.8078049e-03
752.0 9.2509099e-01 4.8090826e-03
753.0 9.2732340e-01 4.8148817e-03
754.0 9.3193884e-01 4.8268490e-03
755.0 9.2536346e-01 4.8097907e-03
756.0 9.2269441e-01 4.8028492e-03
757.0 9.2189772e-01 4.8007753e-03
758.0 9.2302845e-01 4.8037185e-03
759.0 9.2372383e-01 4.8055276e-03
760.0 9.2448998e-01 4.8075201e-03
761.0 9.2687632e-01 4.8137208e-03
762.0 9.2496451e-01 4.8087538e-03
763.0 9.2914055e-01 4.8195969e-03
764.0 9.3148578e-01 4.8256756e-03
765.0 9.3138514e-01 4.8254149e-03
766.0 9.3750241e-01 4.8412354e-03
767.0 9.4345060e-01 4.8565693e-03
768.0 9.4701143e-01 4.8657256e-03
769.0 9.3738132e-01 4.8409228e-03
770.0 9.4327984e-01 4.8561298e-03
771.0 9.4647287e-01 4.8643419e-03
772.0 9.5354540e-01 4.8824825e-03
773.0 9.5780414e-01 4.8933735e-03
774.0 9.6316157e-01 4.9070398e-03
775.0 9.6595636e-01 4.9141540e-03
776.0 9.7031934e-01 4.9252395e-03
777.0 9.7665959e-01 4.9413045e-03
778.0 9.7674960e-01 4.9415322e-03
779.0 9.7116549e-01 4.9273865e-03
780.0 9.6972134e-01 4.9237215e-03
781.0 9.7068098e-01 4.9261572e-03
782.0 9.7068990e-01 4.9261798e-03
783.0 9.6617481e-01 4.9147096e-03
784.0 9.6059738e-01 4.9005035e-03
785.0 9.5811154e-01 4.8941586e-03
786.0 9.6083603e-01 4.9011122e-03
787.0 9.6613341e-01 4.9146043e-03
788.0 9.6894496e-01 4.9217501e-03
789.0 9.7212877e-01 4.9298296e-03
790.0 9.7158935e-01 4.9284616e-03
791.0 9.6537667e-01 4.9126792e-03
792.0 9.6370958e-01 4.9084356e-03
793.0 9.6285613e-01 4.9062617e-03
794.0 9.6101413e-01 4.9015664e-03
795.0 9.6111692e-01 4.9018286e-03
796.0 9.6269316e-01 4.9058464e-03
797.0 9.6540488e-01 4.9127510e-03
798.0 9.6432808e-01 4.9100104e-03
799.0 9.5788275e-01 4.8935742e-03
800.0 9.5638038e-01 4.8897351e-03
801.0 9.5659895e-01 4.8902939e-03
802.0 9.6087521e-01 4.9012121e-03
803.0 9.5883414e-01 4.8960038e-03
804.0 9.6066963e-01 4.9006878e-03
805.0 9.6163093e-01 4.9031391e-03
806.0 9.6166939e-01 4.9032372e-03
807.0 9.6470073e-01 4.9109590e-03
808.0 9.6247017e-01 4.9052782e-03
809.0 9.6040071e-01 4.9000018e-03
810.0 9.6037583e-01 4.8999384e-03
811.0 9.5832134e-01 4.8946945e-03
812.0 9.6002903e-01 4.8990536e-03
813.0 9.5758470e-01 4.8928129e-03
814.0 9.5858737e-01 4.8953738e-03
815.0 9.5820251e-01 4.8943910e-03
816.0 9.5898683e-01 4.8963937e-03
817.0 9.5753452e-01 4.8926847e-03
818.0 9.5651437e-01 4.8900777e-03
819.0 9.5701604e-01 4.8913599e-03
820.0 9.5761897e-01 4.8929004e-03
821.0 9.5780616e-01 4.8933786e-03
822.0 9.6354016e-01 4.9080041e-03
823.0 9.6011454e-01 4.8992718e-03
824.0 9.5995376e-01 4.8988615e-03
825.0 9.5475423e-01 4.8855763e-03
826.0 9.5605264e-01 4.8888972e-03
827.0 9.5263353e-01 4.8801474e-03
828.0 9.5179406e-01 4.8779967e-03
829.0 9.5084239e-01 4.8755574e-03
830.0 9.5210829e-01 4.8788018e-03
831.0 9.5063324e-01 4.8750212e-03
832.0 9.4885581e-01 4.8704615e-03
833.0 9.5398769e-01 4.8836147e-03
834.0 9.5519943e-01 4.8867153e-03
835.0 9.5341813e-01 4.8821566e-03
836.0 9.5275928e-01 4.8804695e-03
837.0 9.5848825e-01 4.8951207e-03
838.0 9.5785283e-01 4.8934978e-03
839.0 9.5558527e-01 4.8877021e-03
840.0 9.5355083e-01 4.8824964e-03
841.0 9.5188704e-01 4.8782349e-03
842.0 9.5011346e-01 4.8736882e-03
843.0 9.4621834e-01 4.8636878e-03
844.0 9.4288427e-01 4.8551114e-03
845.0 9.4068133e-01 4.8494364e-03
846.0 9.4349442e-01 4.8566821e-03
847.0 9.4259519e-01 4.8543671e-03
848.0 9.4245205e-01 4.8539985e-03
849.0 9.4715143e-01 4.8660853e-03
850.0 9.5196109e-01 4.8784247e-03
851.0 9.5126714e-01 4.8766463e-03
852.0 9.4949645e-01 4.8721055e-03
853.0 9.4696708e-01 4.8656117e-03
854.0 9.4952727e-01 4.8721845e-03
855.0 9.4920103e-01 4.8713475e-03
856.0 9.4826993e-01 4.8689576e-03
857.0 9.4594845e-01 4.8629941e-03
858.0 9.4390157e-01 4.8577299e-03
859.0 9.4543292e-01 4.8616688e-03
860.0 9.4165650e-01 4.8519494e-03
861.0 9.4553297e-01 4.8619260e-03
862.0 9.4413557e-01 4.8583320e-03
863.0 9.4423611e-01 4.8585906e-03
864.0 9.4028247e-01 4.8484082e-03
865.0 9.4077564e-01 4.8496795e-03
866.0 9.4022062e-01 4.8482487e-03
867.0 9.4076110e-01 4.8496420e-03
868.0 9.4623184e-01 4.8637225e-03
869.0 9.4730122e-01 4.8664701e-03
870.0 9.4506732e-01 4.8607287e-03
871.0 9.4318293e-01 4.8558803e-03
872.0 9.4571390e-01 4.8623912e-03
873.0 9.5039769e-01 4.8744171e-03
874.0 9.5172123e-01 4.8778101e-03
875.0 9.5423835e-01 4.8842562e-03
876.0 9.5648592e-01 4.8900049e-03
877.0 9.6135628e-01 4.9024389e-03
878.0 9.5476127e-01 4.8855943e-03
879.0 9.5719708e-01 4.8918225e-03
880.0 9.6057226e-01 4.9004394e-03
881.0 9.5611229e-01 4.8890498e-03
882.0 9.5337856e-01 4.8820553e-03
883.0 9.5070228e-01 4.8751982e-03
884.0 9.4859588e-01 4.8697944e-03
885.0 9.4735916e-01 4.8666189e-03
886.0 9.4865609e-01 4.8699489e-03
887.0 9.5182227e-01 4.8780690e-03
888.0 9.5572484e-01 4.8880591e-03
889.0 9.5316865e-01 4.8815179e-03
890.0 9.5050078e-01 4.8746815e-03
891.0 9.5523420e-01 4.8868042e-03
892.0 9.5757430e-01 4.8927863e-03
893.0 9.5791487e-01 4.8936563e-03
894.0 9.5952035e-01 4.8977555e-03
895.0 9.5948738e-01 4.8976714e-03
896.0 9.6117145e-01 4.9019676e-03
897.0 9.6006277e-01 4.8991397e-03
898.0 9.6097975e-01 4.9014788e-03
899.0 9.5609350e-01 4.8890017e-03
900.0 9.5380952e-01 4.8831586e-03
901.0 9.5177243e-01 4.8779413e-03
902.0 9.5079248e-01 4.8754295e-03
903.0 9.4809720e-01 4.8685142e-03
904.0 9.4669508e-01 4.8649129e-03
905.0 9.4214574e-01 4.8532096e-03
906.0 9.4451852e-01 4.8593172e-03
907.0 9.4464625e-01 4.8596457e-03
908.0 9.3950795e-01 4.8464109e-03
909.0 9.3749094e-01 4.8412058e-03
910.0 9.3925012e-01 4.8457459e-03
911.0 9.3817356e-01 4.8429680e-03
912.0 9.3649366e-01 4.8386301e-03
913.0 9.3695271e-01 4.8398159e-03
914.0 9.3885336e-01 4.8447223e-03
915.0 9.3472935e-01 4.8340701e-03
916.0 9.3737148e-01 4.8408974e-03
917.0 9.3547001e-01 4.8359849e-03
918.0 9.3620247e-01 4.8378778e-03
919.0 9.3674193e-01 4.8392715e-03
920.0 9.3580289e-01 4.8368453e-03
921.0 9.3314742e-01 4.8299778e-03
922.0 9.3304493e-01 4.8297126e-03
923.0 9.3932492e-01 4.8459388e-03
924.0 9.3543475e-01 4.8358938e-03
925.0 9.4191809e-01 4.8526233e-03
926.0 9.4162876e-01 4.8518779e-03
927.0 9.4233605e-01 4.8536998e-03
928.0 9.3922041e-01 4.8456693e-03
929.0 9.3730191e-01 4.8407177e-03
930.0 9.3640301e-01 4.8383960e-03
931.0 9.3367285e-01 4.8313374e-03
932.0 9.3379202e-01 4.8316458e-03
933.0 9.3324473e-01 4.8302297e-03
934.0 9.4028334e-01 4.8484104e-03
935.0 9.3702882e-01 4.8400125e-03
936.0 9.3815115e-01 4.8429102e-03
937.0 9.3966992e-01 4.8468287e-03
938.0 9.3679024e-01 4.8393963e-03
939.0 9.3969837e-01 4.8469020e-03
940.0 9.3910232e-01 4.8453646e-03
941.0 9.3144920e-01 4.8255808e-03
942.0 9.3451749e-01 4.8335223e-03
943.0 9.3165631e-01 4.8261173e-03
944.0 9.2914644e-01 4.8196122e-03
945.0 9.3233771e-01 4.8278818e-03
946.0 9.3215220e-01 4.8274015e-03
947.0 9.3603420e-01 4.8374431e-03
948.0 9.4076845e-01 4.8496610e-03
949.0 9.3931854e-01 4.8459224e-03
950.0 9.4258040e-01 4.8543290e-03
951.0 9.4057157e-01 4.8491535e-03
952.0 9.4873437e-01 4.8701499e-03
953.0 9.4673471e-01 4.8650147e-03
954.0 9.5056192e-01 4.8748383e-03
955.0 9.5363598e-01 4.8827144e-03
956.0 9.5500235e-01 4.8862111e-03
957.0 9.5292774e-01 4.8809009e-03
958.0 9.5267543e-01 4.8802547e-03
959.0 9.4572943e-01 4.8624311e-03
960.0 9.4700237e-01 4.8657024e-03
961.0 9.4859377e-01 4.8697890e-03
962.0 9.4934069e-01 4.8717058e-03
963.0 9.3979550e-01 4.8471525e-03
964.0 9.3633713e-01 4.8382257e-03
965.0 9.3451064e-01 4.8335046e-03
966.0 9.3636821e-01 4.8383060e-03
967.0 9.3805474e-01 4.8426613e-03
968.0 9.3827021e-01 4.8432175e-03
969.0 9.4099995e-01 4.8502576e-03
970.0 9.3827741e-01 4.8432361e-03
971.0 9.4092351e-01 4.8500606e-03
972.0 9.4318390e-01 4.8558828e-03
973.0 9.4503341e-01 4.8606415e-03
974.0 9.4477315e-01 4.8599721e-03
975.0 9.5140616e-01 4.8770026e-03
976.0 9.5345244e-01 4.8822445e-03
977.0 9.5034572e-01 4.8742839e-03
978.0 9.5149471e-01 4.8772296e-03
979.0 9.5431599e-01 4.8844549e-03
980.0 9.5253373e-01 4.8798917e-03
981.0 9.5632223e-01 4.8895865e-03
982.0 9.5786479e-01 4.8935284e-03
983.0 9.5004013e-01 4.8735001e-03
984.0 9.5144206e-01 4.8770946e-03
985.0 9.5046392e-01 4.8745870e-03
986.0 9.5249596e-01 4.8797950e-03
987.0 9.5587182e-01 4.8884349e-03
988.0 9.5674971e-01 4.8906792e-03
989.0 9.6232190e-01 4.9049004e-03
990.0 9.6166783e-01 4.9032332e-03
991.0 9.6378901e-01 4.9086379e-03
992.0 9.6635073e-01 4.9151570e-03
993.0 9.6581044e-01 4.9137828e-03
994.0 9.6833403e-01 4.9201983e-03
995.0 9.6612701e-01 4.9145880e-03
996.0 9.6452735e-01 4.9105177e-03
997.0 9.6006658e-01 4.8991494e-03
998.0 9.6093171e-01 4.9013562e-03
999.0 9.6204766e-01 4.9042014e-03
1000.0 9.6585810e-01 4.9139040e-03
