1.0 9.6668573e-01 5.0987695e-03
2.0 9.6902656e-01 5.1049391e-03
3.0 9.6675639e-01 5.0989559e-03
4.0 9.6724673e-01 5.1002488e-03
5.0 9.6762807e-01 5.1012541e-03
6.0 9.6632296e-01 5.0978127e-03
7.0 9.6714779e-01 5.0999880e-03
8.0 9.6512980e-01 5.0946645e-03
9.0 9.6424704e-01 5.0923341e-03
10.0 9.6158344e-01 5.0852958e-03
11.0 9.6376365e-01 5.0910575e-03
12.0 9.6351449e-01 5.0903993e-03
13.0 9.6653744e-01 5.0983785e-03
14.0 9.6765515e-01 5.1013255e-03
15.0 9.6833407e-01 5.1031148e-03
16.0 9.6749419e-01 5.1009012e-03
17.0 9.6599068e-01 5.0969362e-03
18.0 9.6678690e-01 5.0990363e-03
19.0 9.6666692e-01 5.0987199e-03
20.0 9.6483473e-01 5.0938857e-03
21.0 9.6277064e-01 5.0884340e-03
22.0 9.6162987e-01 5.0854185e-03
23.0 9.6412897e-01 5.0920223e-03
24.0 9.6726203e-01 5.1002892e-03
25.0 9.6751046e-01 5.1009441e-03
26.0 9.6777890e-01 5.1016517e-03
27.0 9.6727049e-01 5.1003115e-03
28.0 9.6600232e-01 5.0969669e-03
29.0 9.6790954e-01 5.1019960e-03
30.0 9.7048125e-01 5.1087694e-03
31.0 9.6919730e-01 5.1053889e-03
32.0 9.6905304e-01 5.1050089e-03
33.0 9.6839291e-01 5.1032698e-03
34.0 9.6776176e-01 5.1016065e-03
35.0 9.6939681e-01 5.1059143e-03
36.0 9.6764074e-01 5.1012875e-03
37.0 9.6823801e-01 5.1028616e-03
38.0 9.6920869e-01 5.1054189e-03
39.0 9.6895723e-01 5.1047565e-03
40.0 9.7014264e-01 5.1078781e-03
41.0 9.7033993e-01 5.1083975e-03
42.0 9.7202052e-01 5.1128193e-03
43.0 9.6980783e-01 5.1069967e-03
44.0 9.6933046e-01 5.1057396e-03
45.0 9.6916476e-01 5.1053032e-03
46.0 9.6553028e-01 5.0957214e-03
47.0 9.6404194e-01 5.0917924e-03
48.0 9.6295513e-01 5.0889215e-03
49.0 9.6436770e-01 5.0926527e-03
50.0 9.6353676e-01 5.0904582e-03
51.0 9.6248633e-01 5.0876826e-03
52.0 9.6364329e-01 5.0907396e-03
53.0 9.6147398e-01 5.0850063e-03
54.0 9.5876146e-01 5.0778283e-03
55.0 9.5841782e-01 5.0769182e-03
56.0 9.5657990e-01 5.0720480e-03
57.0 9.5485679e-01 5.0674777e-03
58.0 9.5584940e-01 5.0701110e-03
59.0 9.5722822e-01 5.0737665e-03
60.0 9.5845095e-01 5.0770060e-03
61.0 9.6015230e-01 5.0815101e-03
62.0 9.6202719e-01 5.0864690e-03
63.0 9.5918062e-01 5.0789382e-03
64.0 9.5995496e-01 5.0809879e-03
65.0 9.5934075e-01 5.0793621e-03
66.0 9.5843134e-01 5.0769540e-03
67.0 9.5938753e-01 5.0794859e-03
68.0 9.5713281e-01 5.0735136e-03
69.0 9.5491480e-01 5.0676317e-03
70.0 9.5608681e-01 5.0707406e-03
71.0 9.5689207e-01 5.0728755e-03
72.0 9.5725246e-01 5.0738307e-03
73.0 9.5631814e-01 5.0713540e-03
74.0 9.5750244e-01 5.0744932e-03
75.0 9.5856497e-01 5.0773080e-03
76.0 9.5887104e-01 5.0781185e-03
77.0 9.5738923e-01 5.0741932e-03
78.0 9.5696918e-01 5.0730799e-03
79.0 9.5834652e-01 5.0767294e-03
80.0 9.6029624e-01 5.0818910e-03
81.0 9.5999625e-01 5.0810971e-03
82.0 9.5982802e-01 5.0806519e-03
83.0 9.5974351e-01 5.0804282e-03
84.0 9.6020633e-01 5.0816531e-03
85.0 9.5958536e-01 5.0800096e-03
86.0 9.5570956e-01 5.0697401e-03
87.0 9.5761209e-01 5.0747837e-03
88.0 9.6023600e-01 5.0817316e-03
89.0 9.5954289e-01 5.0798972e-03
90.0 9.5820571e-01 5.0763564e-03
91.0 9.5827980e-01 5.0765527e-03
92.0 9.5808041e-01 5.0760245e-03
93.0 9.5968741e-01 5.0802798e-03
94.0 9.5983323e-01 5.0806657e-03
95.0 9.5895201e-01 5.0783329e-03
96.0 9.5731135e-01 5.0739868e-03
97.0 9.5866443e-01 5.0775714e-03
98.0 9.5962947e-01 5.0801264e-03
99.0 9.6125455e-01 5.0844260e-03
100.0 9.6005752e-01 5.0812593e-03
101.0 9.6277486e-01 5.0884452e-03
102.0 9.6038540e-01 5.0821269e-03
103.0 9.6150550e-01 5.0850897e-03
104.0 9.5904323e-01 5.0785744e-03
105.0 9.5810105e-01 5.0760792e-03
106.0 9.6041782e-01 5.0822127e-03
107.0 9.6173573e-01 5.0856984e-03
108.0 9.6095206e-01 5.0836260e-03
109.0 9.6044975e-01 5.0822971e-03
110.0 9.6067376e-01 5.0828898e-03
111.0 9.6152133e-01 5.0851315e-03
112.0 9.6347818e-01 5.0903034e-03
113.0 9.6285515e-01 5.0886574e-03
114.0 9.6073745e-01 5.0830583e-03
115.0 9.6101516e-01 5.0837929e-03
116.0 9.6050973e-01 5.0824558e-03
117.0 9.5872060e-01 5.0777201e-03
118.0 9.5934055e-01 5.0793616e-03
119.0 9.5906558e-01 5.0786336e-03
120.0 9.5958203e-01 5.0800008e-03
121.0 9.5847636e-01 5.0770733e-03
122.0 9.5924169e-01 5.0790999e-03
123.0 9.5754107e-01 5.0745955e-03
124.0 9.5651447e-01 5.0718745e-03
125.0 9.5643908e-01 5.0716746e-03
126.0 9.5907801e-01 5.0786665e-03
127.0 9.6028394e-01 5.0818584e-03
128.0 9.6199596e-01 5.0863864e-03
129.0 9.6397895e-01 5.0916261e-03
130.0 9.6901808e-01 5.1049168e-03
131.0 9.6910706e-01 5.1051512e-03
132.0 9.7092315e-01 5.1099324e-03
133.0 9.7229912e-01 5.1135520e-03
134.0 9.7360661e-01 5.1169890e-03
135.0 9.7586949e-01 5.1229321e-03
136.0 9.7516001e-01 5.1210695e-03
137.0 9.7439806e-01 5.1190684e-03
138.0 9.7488327e-01 5.1203428e-03
139.0 9.7460927e-01 5.1196232e-03
140.0 9.7504276e-01 5.1207616e-03
141.0 9.7710818e-01 5.1261824e-03
142.0 9.7644004e-01 5.1244295e-03
143.0 9.7592691e-01 5.1230828e-03
144.0 9.7607475e-01 5.1234708e-03
145.0 9.7576734e-01 5.1226640e-03
146.0 9.7309044e-01 5.1156324e-03
147.0 9.7215351e-01 5.1131691e-03
148.0 9.7306426e-01 5.1155636e-03
149.0 9.7502949e-01 5.1207268e-03
150.0 9.7341167e-01 5.1164767e-03
151.0 9.7169958e-01 5.1119752e-03
152.0 9.7177384e-01 5.1121705e-03
153.0 9.6887151e-01 5.1045307e-03
154.0 9.6831085e-01 5.1030536e-03
155.0 9.6585753e-01 5.0965849e-03
156.0 9.6777643e-01 5.1016452e-03
157.0 9.6660346e-01 5.0985526e-03
158.0 9.6873311e-01 5.1041661e-03
159.0 9.7012692e-01 5.1078367e-03
160.0 9.6895107e-01 5.1047403e-03
161.0 9.6732816e-01 5.1004635e-03
162.0 9.6690863e-01 5.0993574e-03
163.0 9.6649787e-01 5.0982741e-03
164.0 9.6675728e-01 5.0989582e-03
165.0 9.6551371e-01 5.0956777e-03
166.0 9.6650791e-01 5.0983006e-03
167.0 9.6663876e-01 5.0986457e-03
168.0 9.6598827e-01 5.0969298e-03
169.0 9.6493885e-01 5.0941605e-03
170.0 9.6455363e-01 5.0931436e-03
171.0 9.6342698e-01 5.0901682e-03
172.0 9.6352160e-01 5.0904181e-03
173.0 9.6367468e-01 5.0908225e-03
174.0 9.6413605e-01 5.0920410e-03
175.0 9.6664457e-01 5.0986610e-03
176.0 9.6645032e-01 5.0981487e-03
177.0 9.6782304e-01 5.1017680e-03
178.0 9.6810421e-01 5.1025090e-03
179.0 9.6763736e-01 5.1012786e-03
180.0 9.6749871e-01 5.1009131e-03
181.0 9.6727976e-01 5.1003359e-03
182.0 9.6765719e-01 5.1013309e-03
183.0 9.6624483e-01 5.0976066e-03
184.0 9.6421556e-01 5.0922509e-03
185.0 9.6515635e-01 5.0947346e-03
186.0 9.6634971e-01 5.0978833e-03
187.0 9.6744488e-01 5.1007712e-03
188.0 9.6767484e-01 5.1013774e-03
189.0 9.6873578e-01 5.1041732e-03
190.0 9.6970070e-01 5.1067146e-03
191.0 9.7084229e-01 5.1097196e-03
192.0 9.6965670e-01 5.1065987e-03
193.0 9.6813519e-01 5.1025907e-03
194.0 9.6757728e-01 5.1011202e-03
195.0 9.6759172e-01 5.1011583e-03
196.0 9.6728303e-01 5.1003445e-03
197.0 9.6474101e-01 5.0936383e-03
198.0 9.6703835e-01 5.0996994e-03
199.0 9.6668621e-01 5.0987708e-03
200.0 9.6691683e-01 5.0993790e-03
201.0 9.6861858e-01 5.1038644e-03
202.0 9.6532577e-01 5.0951817e-03
203.0 9.6469083e-01 5.0935058e-03
204.0 9.6419820e-01 5.0922051e-03
205.0 9.6376462e-01 5.0910600e-03
206.0 9.6363009e-01 5.0907047e-03
207.0 9.6567039e-01 5.0960911e-03
208.0 9.6668146e-01 5.0987583e-03
209.0 9.6797986e-01 5.1021813e-03
210.0 9.6810826e-01 5.1025197e-03
211.0 9.6618905e-01 5.0974595e-03
212.0 9.6341595e-01 5.0901390e-03
213.0 9.6146707e-01 5.0849880e-03
214.0 9.6209369e-01 5.0866448e-03
215.0 9.6223034e-01 5.0870060e-03
216.0 9.6205637e-01 5.0865461e-03
217.0 9.6161234e-01 5.0853722e-03
218.0 9.6458678e-01 5.0932311e-03
219.0 9.6350000e-01 5.0903611e-03
220.0 9.6485879e-01 5.0939492e-03
221.0 9.6484866e-01 5.0939224e-03
222.0 9.6488070e-01 5.0940070e-03
223.0 9.6657710e-01 5.0984830e-03
224.0 9.6855809e-01 5.1037050e-03
225.0 9.6833561e-01 5.1031188e-03
226.0 9.6943627e-01 5.1060182e-03
227.0 9.6990666e-01 5.1072569e-03
228.0 9.6971960e-01 5.1067643e-03
229.0 9.6995449e-01 5.1073828e-03
230.0 9.6895716e-01 5.1047563e-03
231.0 9.6838779e-01 5.1032563e-03
232.0 9.6750244e-01 5.1009229e-03
233.0 9.6862949e-01 5.1038931e-03
234.0 9.6855551e-01 5.1036982e-03
235.0 9.6670166e-01 5.0988116e-03
236.0 9.6571456e-01 5.0962077e-03
237.0 9.6146656e-01 5.0849867e-03
238.0 9.6100114e-01 5.0837558e-03
239.0 9.6133837e-01 5.0846477e-03
240.0 9.6148035e-01 5.0850232e-03
241.0 9.6466118e-01 5.0934275e-03
242.0 9.6577841e-01 5.0963762e-03
243.0 9.6698585e-01 5.0995610e-03
244.0 9.6510857e-01 5.0946085e-03
245.0 9.6504325e-01 5.0944361e-03
246.0 9.6478450e-01 5.0937531e-03
247.0 9.6414903e-01 5.0920753e-03
248.0 9.6339173e-01 5.0900751e-03
249.0 9.6121703e-01 5.0843268e-03
250.0 9.5980258e-01 5.0805846e-03
251.0 9.6136826e-01 5.0847267e-03
252.0 9.6137763e-01 5.0847515e-03
253.0 9.6094059e-01 5.0835956e-03
254.0 9.6117890e-01 5.0842260e-03
255.0 9.6292012e-01 5.0888290e-03
256.0 9.6300363e-01 5.0890497e-03
257.0 9.6391526e-01 5.0914579e-03
258.0 9.6277722e-01 5.0884514e-03
259.0 9.6200033e-01 5.0863980e-03
260.0 9.6240557e-01 5.0874692e-03
261.0 9.6511701e-01 5.0946308e-03
262.0 9.6705658e-01 5.0997475e-03
263.0 9.6780502e-01 5.1017205e-03
264.0 9.6778447e-01 5.1016664e-03
265.0 9.6969103e-01 5.1066891e-03
266.0 9.7065159e-01 5.1092178e-03
267.0 9.6722061e-01 5.1001800e-03
268.0 9.6579689e-01 5.0964249e-03
269.0 9.6623606e-01 5.0975835e-03
270.0 9.6374433e-01 5.0910065e-03
271.0 9.6256468e-01 5.0878897e-03
272.0 9.6174411e-01 5.0857206e-03
273.0 9.6146208e-01 5.0849749e-03
274.0 9.6120959e-01 5.0843071e-03
275.0 9.6098249e-01 5.0837065e-03
276.0 9.6227789e-01 5.0871317e-03
277.0 9.6197285e-01 5.0863253e-03
278.0 9.6153616e-01 5.0851707e-03
279.0 9.5977438e-01 5.0805099e-03
280.0 9.6129326e-01 5.0845284e-03
281.0 9.6056597e-01 5.0826046e-03
282.0 9.5915648e-01 5.0788743e-03
283.0 9.5965411e-01 5.0801916e-03
284.0 9.5870894e-01 5.0776892e-03
285.0 9.5817036e-01 5.0762628e-03
286.0 9.5878792e-01 5.0778984e-03
287.0 9.5855665e-01 5.0772859e-03
288.0 9.6193200e-01 5.0862173e-03
289.0 9.6215524e-01 5.0868075e-03
290.0 9.6311671e-01 5.0893485e-03
291.0 9.6070551e-01 5.0829738e-03
292.0 9.5973864e-01 5.0804153e-03
293.0 9.5838456e-01 5.0768301e-03
294.0 9.5730748e-01 5.0739765e-03
295.0 9.5812862e-01 5.0761522e-03
296.0 9.5973255e-01 5.0803992e-03
297.0 9.6048922e-01 5.0824016e-03
298.0 9.6029160e-01 5.0818787e-03
299.0 9.5967396e-01 5.0802441e-03
300.0 9.6141303e-01 5.0848451e-03
301.0 9.6444755e-01 5.0928635e-03
302.0 9.6478384e-01 5.0937513e-03
303.0 9.6626094e-01 5.0976491e-03
304.0 9.6675503e-01 5.0989523e-03
305.0 9.6795816e-01 5.1021241e-03
306.0 9.6627533e-01 5.0976871e-03
307.0 9.6571814e-01 5.0962171e-03
308.0 9.6619963e-01 5.0974874e-03
309.0 9.6790609e-01 5.1019869e-03
310.0 9.6677624e-01 5.0990082e-03
311.0 9.6396512e-01 5.0915896e-03
312.0 9.6333730e-01 5.0899312e-03
313.0 9.6472792e-01 5.0936037e-03
314.0 9.6260874e-01 5.0880062e-03
315.0 9.6112612e-01 5.0840864e-03
316.0 9.6142240e-01 5.0848699e-03
317.0 9.6133910e-01 5.0846496e-03
318.0 9.6234351e-01 5.0873052e-03
319.0 9.6067192e-01 5.0828849e-03
320.0 9.6039930e-01 5.0821637e-03
321.0 9.6217138e-01 5.0868502e-03
322.0 9.6068407e-01 5.0829171e-03
323.0 9.6279300e-01 5.0884931e-03
324.0 9.6138006e-01 5.0847580e-03
325.0 9.6253529e-01 5.0878121e-03
326.0 9.6215984e-01 5.0868197e-03
327.0 9.6059405e-01 5.0826789e-03
328.0 9.6001155e-01 5.0811376e-03
329.0 9.6084608e-01 5.0833456e-03
330.0 9.6097253e-01 5.0836801e-03
331.0 9.6277177e-01 5.0884370e-03
332.0 9.6479311e-01 5.0937758e-03
333.0 9.6338012e-01 5.0900444e-03
334.0 9.6198584e-01 5.0863597e-03
335.0 9.6043857e-01 5.0822676e-03
336.0 9.5947765e-01 5.0797245e-03
337.0 9.6137337e-01 5.0847403e-03
338.0 9.6239730e-01 5.0874473e-03
339.0 9.6189931e-01 5.0861309e-03
340.0 9.6212637e-01 5.0867312e-03
341.0 9.6426804e-01 5.0923895e-03
342.0 9.6702342e-01 5.0996600e-03
343.0 9.6750591e-01 5.1009321e-03
344.0 9.6379444e-01 5.0911388e-03
345.0 9.6424745e-01 5.0923351e-03
346.0 9.6548923e-01 5.0956131e-03
347.0 9.6579582e-01 5.0964221e-03
348.0 9.6679088e-01 5.0990468e-03
349.0 9.6714484e-01 5.0999802e-03
350.0 9.6528906e-01 5.0950848e-03
351.0 9.6403314e-01 5.0917692e-03
352.0 9.6351954e-01 5.0904127e-03
353.0 9.6499919e-01 5.0943198e-03
354.0 9.6400083e-01 5.0916839e-03
355.0 9.6463650e-01 5.0933624e-03
356.0 9.6505679e-01 5.0944718e-03
357.0 9.6729295e-01 5.1003707e-03
358.0 9.6716243e-01 5.1000265e-03
359.0 9.6462963e-01 5.0933442e-03
360.0 9.6543988e-01 5.0954829e-03
361.0 9.6834027e-01 5.1031311e-03
362.0 9.6914211e-01 5.1052435e-03
363.0 9.6791633e-01 5.1020139e-03
364.0 9.6645679e-01 5.0981657e-03
365.0 9.6506606e-01 5.0944963e-03
366.0 9.6781780e-01 5.1017542e-03
367.0 9.6737843e-01 5.1005960e-03
368.0 9.6648077e-01 5.0982290e-03
369.0 9.6641428e-01 5.0980536e-03
370.0 9.6607965e-01 5.0971709e-03
371.0 9.6835123e-01 5.1031600e-03
372.0 9.6710549e-01 5.0998764e-03
373.0 9.6887563e-01 5.1045416e-03
374.0 9.6923913e-01 5.1054990e-03
375.0 9.7106287e-01 5.1103001e-03
376.0 9.7335015e-01 5.1163150e-03
377.0 9.7355549e-01 5.1168547e-03
378.0 9.7315157e-01 5.1157931e-03
379.0 9.7324749e-01 5.1160452e-03
380.0 9.7308617e-01 5.1156212e-03
381.0 9.7069870e-01 5.1093417e-03
382.0 9.7272728e-01 5.1146778e-03
383.0 9.7281844e-01 5.1149174e-03
384.0 9.7104541e-01 5.1102542e-03
385.0 9.6809299e-01 5.1024795e-03
386.0 9.6479756e-01 5.0937875e-03
387.0 9.6575761e-01 5.0963213e-03
388.0 9.6491780e-01 5.0941049e-03
389.0 9.6422228e-01 5.0922687e-03
390.0 9.6495381e-01 5.0942000e-03
391.0 9.6423160e-01 5.0922933e-03
392.0 9.6494466e-01 5.0941758e-03
393.0 9.6511722e-01 5.0946313e-03
394.0 9.6510755e-01 5.0946058e-03
395.0 9.6288896e-01 5.0887467e-03
396.0 9.6190185e-01 5.0861376e-03
397.0 9.6266560e-01 5.0881564e-03
398.0 9.6189974e-01 5.0861321e-03
399.0 9.6353335e-01 5.0904492e-03
400.0 9.6693355e-01 5.0994231e-03
401.0 9.6789634e-01 5.1019612e-03
402.0 9.6996757e-01 5.1074172e-03
403.0 9.7086568e-01 5.1097812e-03
404.0 9.7015307e-01 5.1079056e-03
405.0 9.7031540e-01 5.1083329e-03
406.0 9.7302755e-01 5.1154671e-03
407.0 9.7220600e-01 5.1133071e-03
408.0 9.7069437e-01 5.1093304e-03
409.0 9.6923900e-01 5.1054987e-03
410.0 9.6893416e-01 5.1046958e-03
411.0 9.6769388e-01 5.1014276e-03
412.0 9.7013056e-01 5.1078463e-03
413.0 9.7048240e-01 5.1087725e-03
414.0 9.7204201e-01 5.1128758e-03
415.0 9.7173251e-01 5.1120618e-03
416.0 9.7023897e-01 5.1081317e-03
417.0 9.6863994e-01 5.1039207e-03
418.0 9.6747791e-01 5.1008583e-03
419.0 9.6817983e-01 5.1027083e-03
420.0 9.6894007e-01 5.1047113e-03
421.0 9.6976179e-01 5.1068754e-03
422.0 9.6775890e-01 5.1015990e-03
423.0 9.6763409e-01 5.1012700e-03
424.0 9.6622299e-01 5.0975490e-03
425.0 9.6675685e-01 5.0989571e-03
426.0 9.6745331e-01 5.1007934e-03
427.0 9.6565156e-01 5.0960415e-03
428.0 9.6691261e-01 5.0993678e-03
429.0 9.7007184e-01 5.1076917e-03
430.0 9.7121602e-01 5.1107031e-03
431.0 9.7084445e-01 5.1097253e-03
432.0 9.7036081e-01 5.1084524e-03
433.0 9.7006809e-01 5.1076819e-03
434.0 9.6896834e-01 5.1047858e-03
435.0 9.6933311e-01 5.1057465e-03
436.0 9.6779450e-01 5.1016928e-03
437.0 9.6520747e-01 5.0948695e-03
438.0 9.6559864e-01 5.0959018e-03
439.0 9.6571861e-01 5.0962184e-03
440.0 9.6503612e-01 5.0944173e-03
441.0 9.6330571e-01 5.0898478e-03
442.0 9.6373478e-01 5.0909812e-03
443.0 9.6263279e-01 5.0880697e-03
444.0 9.6258033e-01 5.0879311e-03
445.0 9.6509030e-01 5.0945603e-03
446.0 9.6605650e-01 5.0971098e-03
447.0 9.6420071e-01 5.0922117e-03
448.0 9.6257586e-01 5.0879193e-03
449.0 9.6290915e-01 5.0888000e-03
450.0 9.6111685e-01 5.0840618e-03
451.0 9.5864108e-01 5.0775095e-03
452.0 9.5945000e-01 5.0796513e-03
453.0 9.6019666e-01 5.0816275e-03
454.0 9.6100803e-01 5.0837740e-03
455.0 9.6168763e-01 5.0855712e-03
456.0 9.6173558e-01 5.0856980e-03
457.0 9.6106362e-01 5.0839211e-03
458.0 9.6202329e-01 5.0864587e-03
459.0 9.6435037e-01 5.0926069e-03
460.0 9.6377949e-01 5.0910993e-03
461.0 9.6252832e-01 5.0877936e-03
462.0 9.6114621e-01 5.0841395e-03
463.0 9.6012915e-01 5.0814488e-03
464.0 9.6065753e-01 5.0828468e-03
465.0 9.5787795e-01 5.0754881e-03
466.0 9.5867261e-01 5.0775930e-03
467.0 9.5987690e-01 5.0807813e-03
468.0 9.5758148e-01 5.0747026e-03
469.0 9.5646482e-01 5.0717429e-03
470.0 9.5693034e-01 5.0729770e-03
471.0 9.5705667e-01 5.0733118e-03
472.0 9.5803550e-01 5.0759055e-03
473.0 9.5812524e-01 5.0761433e-03
474.0 9.6018912e-01 5.0816075e-03
475.0 9.5997923e-01 5.0810521e-03
476.0 9.5894296e-01 5.0783089e-03
477.0 9.5770466e-01 5.0750290e-03
478.0 9.5891342e-01 5.0782307e-03
479.0 9.5922254e-01 5.0790492e-03
480.0 9.6034410e-01 5.0820176e-03
481.0 9.6128986e-01 5.0845194e-03
482.0 9.5874278e-01 5.0777789e-03
483.0 9.5748290e-01 5.0744414e-03
484.0 9.5639095e-01 5.0715470e-03
485.0 9.5561276e-01 5.0694833e-03
486.0 9.5540113e-01 5.0689219e-03
487.0 9.5715776e-01 5.0735797e-03
488.0 9.5919059e-01 5.0789646e-03
489.0 9.5914580e-01 5.0788460e-03
490.0 9.5905323e-01 5.0786009e-03
491.0 9.5848762e-01 5.0771031e-03
492.0 9.5885769e-01 5.0780831e-03
493.0 9.5933190e-01 5.0793387e-03
494.0 9.6058029e-01 5.0826425e-03
495.0 9.6183592e-01 5.0859633e-03
496.0 9.5865050e-01 5.0775345e-03
497.0 9.5849484e-01 5.0771222e-03
498.0 9.6045471e-01 5.0823103e-03
499.0 9.5984800e-01 5.0807048e-03
500.0 9.6147163e-01 5.0850001e-03
501.0 9.6106538e-01 5.0839257e-03
502.0 9.6133228e-01 5.0846316e-03
503.0 9.5981685e-01 5.0806224e-03
504.0 9.5841347e-01 5.0769067e-03
505.0 9.5960589e-01 5.0800640e-03
506.0 9.6090683e-01 5.0835063e-03
507.0 9.6108727e-01 5.0839836e-03
508.0 9.5953088e-01 5.0798654e-03
509.0 9.5972607e-01 5.0803821e-03
510.0 9.6167305e-01 5.0855327e-03
511.0 9.6444919e-01 5.0928678e-03
512.0 9.6415325e-01 5.0920864e-03
513.0 9.6215679e-01 5.0868116e-03
514.0 9.6367765e-01 5.0908303e-03
515.0 9.6363709e-01 5.0907232e-03
516.0 9.6525522e-01 5.0949955e-03
517.0 9.6595996e-01 5.0968551e-03
518.0 9.6497783e-01 5.0942634e-03
519.0 9.6518622e-01 5.0948134e-03
520.0 9.6722084e-01 5.1001806e-03
521.0 9.6707397e-01 5.0997933e-03
522.0 9.6575237e-01 5.0963075e-03
523.0 9.6363097e-01 5.0907070e-03
524.0 9.6266474e-01 5.0881542e-03
525.0 9.6229020e-01 5.0871642e-03
526.0 9.6350171e-01 5.0903656e-03
527.0 9.6213799e-01 5.0867619e-03
528.0 9.6433008e-01 5.0925533e-03
529.0 9.6258735e-01 5.0879496e-03
530.0 9.6590173e-01 5.0967015e-03
531.0 9.6817302e-01 5.1026904e-03
532.0 9.6837246e-01 5.1032159e-03
533.0 9.6612807e-01 5.0972986e-03
534.0 9.6607648e-01 5.0971626e-03
535.0 9.6560815e-01 5.0959269e-03
536.0 9.6390900e-01 5.0914414e-03
537.0 9.6437867e-01 5.0926816e-03
538.0 9.6337541e-01 5.0900319e-03
539.0 9.6255620e-01 5.0878673e-03
540.0 9.6240434e-01 5.0874660e-03
541.0 9.6188510e-01 5.0860934e-03
542.0 9.6498115e-01 5.0942722e-03
543.0 9.6443993e-01 5.0928434e-03
544.0 9.6516806e-01 5.0947655e-03
545.0 9.6549243e-01 5.0956215e-03
546.0 9.6611308e-01 5.0972591e-03
547.0 9.6683538e-01 5.0991642e-03
548.0 9.6793639e-01 5.1020668e-03
549.0 9.6832973e-01 5.1031033e-03
550.0 9.6857751e-01 5.1037562e-03
551.0 9.6850592e-01 5.1035676e-03
552.0 9.6819418e-01 5.1027461e-03
553.0 9.6690914e-01 5.0993587e-03
554.0 9.6676416e-01 5.0989764e-03
555.0 9.6702111e-01 5.0996539e-03
556.0 9.6755607e-01 5.1010643e-03
557.0 9.6782452e-01 5.1017719e-03
558.0 9.6750367e-01 5.1009262e-03
559.0 9.6735937e-01 5.1005458e-03
560.0 9.6658739e-01 5.0985102e-03
561.0 9.6702251e-01 5.0996576e-03
562.0 9.6664936e-01 5.0986736e-03
563.0 9.6685579e-01 5.0992180e-03
564.0 9.6817317e-01 5.1026908e-03
565.0 9.6715885e-01 5.1000171e-03
566.0 9.6810287e-01 5.1025055e-03
567.0 9.6804062e-01 5.1023415e-03
568.0 9.7089072e-01 5.1098471e-03
569.0 9.7059937e-01 5.1090803e-03
570.0 9.7148158e-01 5.1114017e-03
571.0 9.7150800e-01 5.1114712e-03
572.0 9.6956834e-01 5.1063660e-03
573.0 9.6877075e-01 5.1042653e-03
574.0 9.6994573e-01 5.1073597e-03
575.0 9.6933791e-01 5.1057592e-03
576.0 9.6619154e-01 5.0974661e-03
577.0 9.6618329e-01 5.0974443e-03
578.0 9.6454331e-01 5.0931163e-03
579.0 9.6476995e-01 5.0937147e-03
580.0 9.6676420e-01 5.0989765e-03
581.0 9.6785349e-01 5.1018483e-03
582.0 9.6984677e-01 5.1070992e-03
583.0 9.6901277e-01 5.1049028e-03
584.0 9.6874324e-01 5.1041928e-03
585.0 9.6734869e-01 5.1005176e-03
586.0 9.6648866e-01 5.0982498e-03
587.0 9.6520799e-01 5.0948709e-03
588.0 9.6349651e-01 5.0903519e-03
589.0 9.6548065e-01 5.0955905e-03
590.0 9.6276279e-01 5.0884133e-03
591.0 9.6471716e-01 5.0935753e-03
592.0 9.6650723e-01 5.0982988e-03
593.0 9.6716367e-01 5.1000298e-03
594.0 9.6561661e-01 5.0959492e-03
595.0 9.6346708e-01 5.0902741e-03
596.0 9.6277006e-01 5.0884325e-03
597.0 9.6361471e-01 5.0906641e-03
598.0 9.6371495e-01 5.0909289e-03
599.0 9.6229775e-01 5.0871842e-03
600.0 9.6385551e-01 5.0913001e-03
601.0 9.6637586e-01 5.0979523e-03
602.0 9.6605070e-01 5.0970945e-03
603.0 9.6637111e-01 5.0979398e-03
604.0 9.6440277e-01 5.0927453e-03
605.0 9.6394714e-01 5.0915421e-03
606.0 9.6479707e-01 5.0937862e-03
607.0 9.6543383e-01 5.0954669e-03
608.0 9.6479685e-01 5.0937857e-03
609.0 9.6460050e-01 5.0932673e-03
610.0 9.6413621e-01 5.0920414e-03
611.0 9.6391955e-01 5.0914692e-03
612.0 9.6453229e-01 5.0930872e-03
613.0 9.6202846e-01 5.0864724e-03
614.0 9.6204309e-01 5.0865110e-03
615.0 9.6268421e-01 5.0882056e-03
616.0 9.6210626e-01 5.0866780e-03
617.0 9.6159988e-01 5.0853392e-03
618.0 9.6119681e-01 5.0842733e-03
619.0 9.6067111e-01 5.0828828e-03
620.0 9.6089308e-01 5.0834700e-03
621.0 9.6129743e-01 5.0845394e-03
622.0 9.5860208e-01 5.0774062e-03
623.0 9.5977476e-01 5.0805110e-03
624.0 9.5970907e-01 5.0803371e-03
625.0 9.6255476e-01 5.0878635e-03
626.0 9.6120515e-01 5.0842954e-03
627.0 9.6022967e-01 5.0817148e-03
628.0 9.6011171e-01 5.0814027e-03
629.0 9.6099074e-01 5.0837283e-03
630.0 9.5853006e-01 5.0772155e-03
631.0 9.5762749e-01 5.0748245e-03
632.0 9.5864831e-01 5.0775287e-03
633.0 9.5751679e-01 5.0745312e-03
634.0 9.5967421e-01 5.0802448e-03
635.0 9.5914187e-01 5.0788356e-03
636.0 9.5802406e-01 5.0758752e-03
637.0 9.5907147e-01 5.0786492e-03
638.0 9.6138037e-01 5.0847588e-03
639.0 9.6207861e-01 5.0866049e-03
640.0 9.6397673e-01 5.0916202e-03
641.0 9.6640736e-01 5.0980354e-03
642.0 9.6526628e-01 5.0950247e-03
643.0 9.6677861e-01 5.0990145e-03
644.0 9.6479641e-01 5.0937845e-03
645.0 9.6558855e-01 5.0958752e-03
646.0 9.6553215e-01 5.0957264e-03
647.0 9.6729264e-01 5.1003699e-03
648.0 9.6900456e-01 5.1048812e-03
649.0 9.6983563e-01 5.1070698e-03
650.0 9.7015176e-01 5.1079021e-03
651.0 9.7090354e-01 5.1098808e-03
652.0 9.7082692e-01 5.1096792e-03
653.0 9.7070968e-01 5.1093707e-03
654.0 9.7258883e-01 5.1143137e-03
655.0 9.7482284e-01 5.1201841e-03
656.0 9.7460650e-01 5.1196159e-03
657.0 9.7492538e-01 5.1204534e-03
658.0 9.7507767e-01 5.1208533e-03
659.0 9.7291519e-01 5.1151718e-03
660.0 9.7253188e-01 5.1141640e-03
661.0 9.7489487e-01 5.1203733e-03
662.0 9.7381150e-01 5.1175274e-03
663.0 9.7676782e-01 5.1252895e-03
664.0 9.7832597e-01 5.1293758e-03
665.0 9.7885626e-01 5.1307658e-03
666.0 9.7951195e-01 5.1324839e-03
667.0 9.7812892e-01 5.1288592e-03
668.0 9.7760719e-01 5.1274912e-03
669.0 9.7957423e-01 5.1326471e-03
670.0 9.7858893e-01 5.1300651e-03
671.0 9.7994539e-01 5.1336194e-03
672.0 9.7789283e-01 5.1282402e-03
673.0 9.7627091e-01 5.1239856e-03
674.0 9.7880253e-01 5.1306250e-03
675.0 9.7872970e-01 5.1304341e-03
676.0 9.7791772e-01 5.1283055e-03
677.0 9.7972471e-01 5.1330413e-03
678.0 9.8130814e-01 5.1371877e-03
679.0 9.8261520e-01 5.1406078e-03
680.0 9.8164007e-01 5.1380564e-03
681.0 9.8119814e-01 5.1368997e-03
682.0 9.8158283e-01 5.1379066e-03
683.0 9.8242800e-01 5.1401181e-03
684.0 9.8157648e-01 5.1378900e-03
685.0 9.8160719e-01 5.1379704e-03
686.0 9.8177014e-01 5.1383968e-03
687.0 9.8343371e-01 5.1427484e-03
688.0 9.8410353e-01 5.1444994e-03
689.0 9.8176037e-01 5.1383712e-03
690.0 9.8121763e-01 5.1369507e-03
691.0 9.7978225e-01 5.1331920e-03
692.0 9.8040239e-01 5.1348163e-03
693.0 9.8151221e-01 5.1377218e-03
694.0 9.8151708e-01 5.1377345e-03
695.0 9.8105804e-01 5.1365330e-03
696.0 9.8091325e-01 5.1361539e-03
697.0 9.8106039e-01 5.1365391e-03
698.0 9.7996893e-01 5.1336810e-03
699.0 9.7814653e-01 5.1289054e-03
700.0 9.7513188e-01 5.1209957e-03
701.0 9.7673554e-01 5.1252048e-03
702.0 9.7722184e-01 5.1264805e-03
703.0 9.7762227e-01 5.1275307e-03
704.0 9.7921468e-01 5.1317050e-03
705.0 9.7738372e-01 5.1269051e-03
706.0 9.7482277e-01 5.1201839e-03
707.0 9.7522617e-01 5.1212432e-03
708.0 9.7550027e-01 5.1219629e-03
709.0 9.7304396e-01 5.1155103e-03
710.0 9.7348851e-01 5.1166787e-03
711.0 9.7302325e-01 5.1154558e-03
712.0 9.7183757e-01 5.1123381e-03
713.0 9.7135786e-01 5.1110762e-03
714.0 9.6802727e-01 5.1023063e-03
715.0 9.6730321e-01 5.1003977e-03
716.0 9.6643707e-01 5.0981137e-03
717.0 9.6736626e-01 5.1005640e-03
718.0 9.6716260e-01 5.1000270e-03
719.0 9.6803512e-01 5.1023270e-03
720.0 9.6471554e-01 5.0935710e-03
721.0 9.6350309e-01 5.0903692e-03
722.0 9.6435941e-01 5.0926308e-03
723.0 9.6405889e-01 5.0918372e-03
724.0 9.6522574e-01 5.0949177e-03
725.0 9.6273747e-01 5.0883464e-03
726.0 9.6375727e-01 5.0910406e-03
727.0 9.6291894e-01 5.0888259e-03
728.0 9.6195117e-01 5.0862680e-03
729.0 9.6339496e-01 5.0900836e-03
730.0 9.6502187e-01 5.0943796e-03
731.0 9.6643002e-01 5.0980951e-03
732.0 9.6920973e-01 5.1054216e-03
733.0 9.7084909e-01 5.1097375e-03
734.0 9.6973743e-01 5.1068113e-03
735.0 9.6992130e-01 5.1072954e-03
736.0 9.6932851e-01 5.1057344e-03
737.0 9.7207398e-01 5.1129599e-03
738.0 9.7352111e-01 5.1167643e-03
739.0 9.7320129e-01 5.1159238e-03
740.0 9.7422230e-01 5.1186067e-03
741.0 9.7250114e-01 5.1140832e-03
742.0 9.7270209e-01 5.1146115e-03
743.0 9.7129800e-01 5.1109187e-03
744.0 9.6895851e-01 5.1047599e-03
745.0 9.6991924e-01 5.1072900e-03
746.0 9.7121518e-01 5.1107008e-03
747.0 9.7183352e-01 5.1123275e-03
748.0 9.7155096e-01 5.1115842e-03
749.0 9.6993438e-01 5.1073298e-03
750.0 9.6846340e-01 5.1034555e-03
751.0 9.6729896e-01 5.1003865e-03
752.0 9.6724088e-01 5.1002334e-03
753.0 9.6889360e-01 5.1045889e-03
754.0 9.7058806e-01 5.1090506e-03
755.0 9.6849620e-01 5.1035420e-03
756.0 9.6773619e-01 5.1015391e-03
757.0 9.6700703e-01 5.0996168e-03
758.0 9.6373836e-01 5.0909907e-03
759.0 9.6474300e-01 5.0936435e-03
760.0 9.6466100e-01 5.0934270e-03
761.0 9.6488361e-01 5.0940147e-03
762.0 9.6693226e-01 5.0994197e-03
763.0 9.6736739e-01 5.1005669e-03
764.0 9.6702321e-01 5.0996595e-03
765.0 9.6804877e-01 5.1023629e-03
766.0 9.6982460e-01 5.1070408e-03
767.0 9.7036088e-01 5.1084526e-03
768.0 9.7150276e-01 5.1114574e-03
769.0 9.7142791e-01 5.1112605e-03
770.0 9.7142439e-01 5.1112513e-03
771.0 9.7170352e-01 5.1119855e-03
772.0 9.7083567e-01 5.1097022e-03
773.0 9.7016554e-01 5.1079384e-03
774.0 9.7222415e-01 5.1133548e-03
775.0 9.7502093e-01 5.1207043e-03
776.0 9.7723575e-01 5.1265170e-03
777.0 9.7549022e-01 5.1219365e-03
778.0 9.7359598e-01 5.1169611e-03
779.0 9.7214417e-01 5.1131445e-03
780.0 9.7238910e-01 5.1137886e-03
781.0 9.6854224e-01 5.1036633e-03
782.0 9.6808687e-01 5.1024634e-03
783.0 9.7002889e-01 5.1075787e-03
784.0 9.7146282e-01 5.1113524e-03
785.0 9.7091644e-01 5.1099148e-03
786.0 9.7028983e-01 5.1082656e-03
787.0 9.7125330e-01 5.1108011e-03
788.0 9.7256192e-01 5.1142430e-03
789.0 9.7189140e-01 5.1124797e-03
790.0 9.7179921e-01 5.1122372e-03
791.0 9.7111720e-01 5.1104430e-03
792.0 9.6943168e-01 5.1060061e-03
793.0 9.6927143e-01 5.1055841e-03
794.0 9.6903266e-01 5.1049552e-03
795.0 9.6738952e-01 5.1006253e-03
796.0 9.6849462e-01 5.1035378e-03
797.0 9.6925832e-01 5.1055496e-03
798.0 9.7031275e-01 5.1083259e-03
799.0 9.6942474e-01 5.1059879e-03
800.0 9.6683898e-01 5.0991737e-03
801.0 9.6755196e-01 5.1010535e-03
802.0 9.6675901e-01 5.0989628e-03
803.0 9.6561724e-01 5.0959509e-03
804.0 9.6406361e-01 5.0918497e-03
805.0 9.6385744e-01 5.0913052e-03
806.0 9.6615534e-01 5.0973706e-03
807.0 9.6554577e-01 5.0957623e-03
808.0 9.6410117e-01 5.0919489e-03
809.0 9.6509452e-01 5.0945714e-03
810.0 9.6545987e-01 5.0955356e-03
811.0 9.6261801e-01 5.0880307e-03
812.0 9.6358487e-01 5.0905853e-03
813.0 9.6656676e-01 5.0984558e-03
814.0 9.6310065e-01 5.0893060e-03
815.0 9.6144476e-01 5.0849290e-03
816.0 9.5771123e-01 5.0750464e-03
817.0 9.5775711e-01 5.0751680e-03
818.0 9.5925035e-01 5.0791228e-03
819.0 9.5962977e-01 5.0801272e-03
820.0 9.6158848e-01 5.0853091e-03
821.0 9.6275034e-01 5.0883804e-03
822.0 9.6507008e-01 5.0945069e-03
823.0 9.6661972e-01 5.0985955e-03
824.0 9.6601918e-01 5.0970114e-03
825.0 9.6611150e-01 5.0972549e-03
826.0 9.6472925e-01 5.0936072e-03
827.0 9.6441276e-01 5.0927716e-03
828.0 9.6436585e-01 5.0926478e-03
829.0 9.6414501e-01 5.0920646e-03
830.0 9.6595805e-01 5.0968501e-03
831.0 9.6540681e-01 5.0953956e-03
832.0 9.6410149e-01 5.0919497e-03
833.0 9.6289958e-01 5.0887747e-03
834.0 9.6377965e-01 5.0910997e-03
835.0 9.6201395e-01 5.0864340e-03
836.0 9.6176075e-01 5.0857646e-03
837.0 9.6363953e-01 5.0907296e-03
838.0 9.6416594e-01 5.0921199e-03
839.0 9.6413754e-01 5.0920449e-03
840.0 9.6416873e-01 5.0921273e-03
841.0 9.6316702e-01 5.0894814e-03
842.0 9.6214018e-01 5.0867677e-03
843.0 9.6215056e-01 5.0867951e-03
844.0 9.6280975e-01 5.0885374e-03
845.0 9.6447533e-01 5.0929369e-03
846.0 9.6505977e-01 5.0944797e-03
847.0 9.6723542e-01 5.1002190e-03
848.0 9.6968904e-01 5.1066839e-03
849.0 9.7093375e-01 5.1099603e-03
850.0 9.7289730e-01 5.1151247e-03
851.0 9.7162802e-01 5.1117869e-03
852.0 9.7018125e-01 5.1079797e-03
853.0 9.7099130e-01 5.1101117e-03
854.0 9.6914329e-01 5.1052466e-03
855.0 9.6882004e-01 5.1043951e-03
856.0 9.6994367e-01 5.1073543e-03
857.0 9.7192540e-01 5.1125692e-03
858.0 9.7145424e-01 5.1113298e-03
859.0 9.7056189e-01 5.1089817e-03
860.0 9.7095625e-01 5.1100195e-03
861.0 9.6946475e-01 5.1060932e-03
862.0 9.6917926e-01 5.1053413e-03
863.0 9.6905513e-01 5.1050144e-03
864.0 9.6905714e-01 5.1050197e-03
865.0 9.6901671e-01 5.1049132e-03
866.0 9.6789394e-01 5.1019549e-03
867.0 9.6678095e-01 5.0990207e-03
868.0 9.6574290e-01 5.0962825e-03
869.0 9.6349917e-01 5.0903589e-03
870.0 9.6397537e-01 5.0916166e-03
871.0 9.6522851e-01 5.0949251e-03
872.0 9.6631539e-01 5.0977928e-03
873.0 9.6598832e-01 5.0969300e-03
874.0 9.6492257e-01 5.0941175e-03
875.0 9.6598437e-01 5.0969196e-03
876.0 9.6704373e-01 5.0997136e-03
877.0 9.6744748e-01 5.1007781e-03
878.0 9.6996604e-01 5.1074132e-03
879.0 9.7008562e-01 5.1077280e-03
880.0 9.6988047e-01 5.1071879e-03
881.0 9.6946706e-01 5.1060993e-03
882.0 9.6749622e-01 5.1009066e-03
883.0 9.6857260e-01 5.1037433e-03
884.0 9.6852925e-01 5.1036290e-03
885.0 9.6936797e-01 5.1058384e-03
886.0 9.7198602e-01 5.1127286e-03
887.0 9.7153765e-01 5.1115492e-03
888.0 9.6837921e-01 5.1032337e-03
889.0 9.6909632e-01 5.1051229e-03
890.0 9.6944640e-01 5.1060449e-03
891.0 9.6833781e-01 5.1031246e-03
892.0 9.6894359e-01 5.1047206e-03
893.0 9.6986504e-01 5.1071473e-03
894.0 9.6858302e-01 5.1037707e-03
895.0 9.6815200e-01 5.1026350e-03
896.0 9.7002351e-01 5.1075645e-03
897.0 9.6908369e-01 5.1050896e-03
898.0 9.6920321e-01 5.1054044e-03
899.0 9.6561367e-01 5.0959415e-03
900.0 9.6367654e-01 5.0908274e-03
901.0 9.6399763e-01 5.0916754e-03
902.0 9.6572821e-01 5.0962437e-03
903.0 9.6404949e-01 5.0918124e-03
904.0 9.6410501e-01 5.0919590e-03
905.0 9.6367301e-01 5.0908181e-03
906.0 9.6497867e-01 5.0942656e-03
907.0 9.6326522e-01 5.0897408e-03
908.0 9.6394809e-01 5.0915446e-03
909.0 9.6306644e-01 5.0892156e-03
910.0 9.6351695e-01 5.0904058e-03
911.0 9.6358485e-01 5.0905852e-03
912.0 9.6327478e-01 5.0897661e-03
913.0 9.6393541e-01 5.0915111e-03
914.0 9.6404869e-01 5.0918103e-03
915.0 9.6383854e-01 5.0912553e-03
916.0 9.6342243e-01 5.0901562e-03
917.0 9.6352083e-01 5.0904161e-03
918.0 9.6381682e-01 5.0911979e-03
919.0 9.6254950e-01 5.0878496e-03
920.0 9.6210230e-01 5.0866676e-03
921.0 9.6073576e-01 5.0830538e-03
922.0 9.6072486e-01 5.0830250e-03
923.0 9.6006283e-01 5.0812733e-03
924.0 9.6122946e-01 5.0843597e-03
925.0 9.6225360e-01 5.0870675e-03
926.0 9.6094684e-01 5.0836122e-03
927.0 9.6111041e-01 5.0840448e-03
928.0 9.6197097e-01 5.0863204e-03
929.0 9.6170592e-01 5.0856196e-03
930.0 9.6082500e-01 5.0832899e-03
931.0 9.5956532e-01 5.0799566e-03
932.0 9.6094721e-01 5.0836131e-03
933.0 9.6237922e-01 5.0873995e-03
934.0 9.6235728e-01 5.0873416e-03
935.0 9.6363664e-01 5.0907220e-03
936.0 9.5994168e-01 5.0809527e-03
937.0 9.6199155e-01 5.0863748e-03
938.0 9.6211439e-01 5.0866995e-03
939.0 9.6256893e-01 5.0879009e-03
940.0 9.6228748e-01 5.0871571e-03
941.0 9.6441957e-01 5.0927896e-03
942.0 9.6313306e-01 5.0893917e-03
943.0 9.6522612e-01 5.0949187e-03
944.0 9.6583832e-01 5.0965342e-03
945.0 9.6676142e-01 5.0989692e-03
946.0 9.6633031e-01 5.0978321e-03
947.0 9.6458949e-01 5.0932382e-03
948.0 9.6598963e-01 5.0969334e-03
949.0 9.6645335e-01 5.0981567e-03
950.0 9.6839292e-01 5.1032698e-03
951.0 9.6808701e-01 5.1024637e-03
952.0 9.6760561e-01 5.1011949e-03
953.0 9.6960102e-01 5.1064521e-03
954.0 9.7216198e-01 5.1131913e-03
955.0 9.7221773e-01 5.1133379e-03
956.0 9.7113476e-01 5.1104893e-03
957.0 9.7232927e-01 5.1136313e-03
958.0 9.7213875e-01 5.1131302e-03
959.0 9.7302257e-01 5.1154540e-03
960.0 9.7286340e-01 5.1150356e-03
961.0 9.7507480e-01 5.1208458e-03
962.0 9.7420437e-01 5.1185596e-03
963.0 9.7487961e-01 5.1203332e-03
964.0 9.7428054e-01 5.1187597e-03
965.0 9.7390630e-01 5.1177765e-03
966.0 9.7333365e-01 5.1162717e-03
967.0 9.7440455e-01 5.1190855e-03
968.0 9.7563127e-01 5.1223068e-03
969.0 9.7630996e-01 5.1240881e-03
970.0 9.7603107e-01 5.1233562e-03
971.0 9.7618370e-01 5.1237568e-03
972.0 9.7723044e-01 5.1265031e-03
973.0 9.7850557e-01 5.1298466e-03
974.0 9.7456624e-01 5.1195102e-03
975.0 9.7409463e-01 5.1182713e-03
976.0 9.7372291e-01 5.1172946e-03
977.0 9.7452218e-01 5.1193944e-03
978.0 9.7427545e-01 5.1187464e-03
979.0 9.7507136e-01 5.1208367e-03
980.0 9.7352037e-01 5.1167624e-03
981.0 9.7363722e-01 5.1170695e-03
982.0 9.7475794e-01 5.1200137e-03
983.0 9.7267780e-01 5.1145477e-03
984.0 9.7601712e-01 5.1233196e-03
985.0 9.7766095e-01 5.1276322e-03
986.0 9.7748750e-01 5.1271773e-03
987.0 9.7640605e-01 5.1243403e-03
988.0 9.7613009e-01 5.1236161e-03
989.0 9.7625320e-01 5.1239392e-03
990.0 9.7688495e-01 5.1255968e-03
991.0 9.7885762e-01 5.1307693e-03
992.0 9.7810983e-01 5.1288092e-03
993.0 9.7886077e-01 5.1307776e-03
994.0 9.7699334e-01 5.1258811e-03
995.0 9.7635919e-01 5.1242173e-03
996.0 9.7684609e-01 5.1254948e-03
997.0 9.7769662e-01 5.1277257e-03
998.0 9.7655127e-01 5.1247213e-03
999.0 9.7588398e-01 5.1229701e-03
1000.0 9.7783510e-01 5.1280888e-03
