1.0 9.3529968e-01 5.1413747e-03
2.0 9.3783135e-01 5.1483284e-03
3.0 9.3699242e-01 5.1460252e-03
4.0 9.4012893e-01 5.1546309e-03
5.0 9.4762382e-01 5.1751370e-03
6.0 9.4580142e-01 5.1701584e-03
7.0 9.4397955e-01 5.1651764e-03
8.0 9.5161947e-01 5.1860360e-03
9.0 9.5466145e-01 5.1943183e-03
10.0 9.5130699e-01 5.1851845e-03
11.0 9.5340688e-01 5.1909041e-03
12.0 9.5054550e-01 5.1831088e-03
13.0 9.4807748e-01 5.1763756e-03
14.0 9.4934443e-01 5.1798331e-03
15.0 9.3933317e-01 5.1524489e-03
16.0 9.3095233e-01 5.1294121e-03
17.0 9.2919806e-01 5.1245769e-03
18.0 9.2501014e-01 5.1130155e-03
19.0 9.2755980e-01 5.1200574e-03
20.0 9.2332512e-01 5.1083564e-03
21.0 9.1661922e-01 5.0897722e-03
22.0 9.2461403e-01 5.1119207e-03
23.0 9.2316045e-01 5.1079009e-03
24.0 9.2271400e-01 5.1066656e-03
25.0 9.1458828e-01 5.0841304e-03
26.0 9.1196576e-01 5.0768360e-03
27.0 9.1295965e-01 5.0796017e-03
28.0 9.0778407e-01 5.0651831e-03
29.0 9.1054036e-01 5.0728669e-03
30.0 9.0855843e-01 5.0673430e-03
31.0 9.0867182e-01 5.0676591e-03
32.0 9.0712249e-01 5.0633370e-03
33.0 9.1769553e-01 5.0927596e-03
34.0 9.1779215e-01 5.0930277e-03
35.0 9.1271773e-01 5.0789286e-03
36.0 9.1760792e-01 5.0925165e-03
37.0 9.1200803e-01 5.0769536e-03
38.0 9.1400297e-01 5.0825033e-03
39.0 9.0480918e-01 5.0568767e-03
40.0 8.9961707e-01 5.0423468e-03
41.0 9.0279917e-01 5.0512567e-03
42.0 9.0891652e-01 5.0683414e-03
43.0 9.1136118e-01 5.0751529e-03
44.0 9.1197156e-01 5.0768521e-03
45.0 9.1142849e-01 5.0753403e-03
46.0 9.0478625e-01 5.0568126e-03
47.0 9.0188931e-01 5.0487107e-03
48.0 9.0000974e-01 5.0434471e-03
49.0 9.0644877e-01 5.0614564e-03
50.0 9.0971554e-01 5.0705687e-03
51.0 9.0250532e-01 5.0504346e-03
52.0 9.0620648e-01 5.0607799e-03
53.0 9.0566023e-01 5.0592544e-03
54.0 9.0318236e-01 5.0523286e-03
55.0 9.0704338e-01 5.0631162e-03
56.0 9.1304238e-01 5.0798318e-03
57.0 9.1886871e-01 5.0960138e-03
58.0 9.1583768e-01 5.0876019e-03
59.0 9.1519386e-01 5.0858133e-03
60.0 9.1743003e-01 5.0920228e-03
61.0 9.2288240e-01 5.1071316e-03
62.0 9.2082018e-01 5.1014223e-03
63.0 9.2068740e-01 5.1010545e-03
64.0 9.1637412e-01 5.0890917e-03
65.0 9.1214997e-01 5.0773487e-03
66.0 9.1807392e-01 5.0938094e-03
67.0 9.2578512e-01 5.1151570e-03
68.0 9.2589911e-01 5.1154719e-03
69.0 9.3186037e-01 5.1319130e-03
70.0 9.3413835e-01 5.1381818e-03
71.0 9.3082923e-01 5.1290729e-03
72.0 9.3223834e-01 5.1329537e-03
73.0 9.3937260e-01 5.1525571e-03
74.0 9.3857655e-01 5.1503734e-03
75.0 9.4667311e-01 5.1725404e-03
76.0 9.3368785e-01 5.1369427e-03
77.0 9.3869780e-01 5.1507061e-03
78.0 9.3955526e-01 5.1530580e-03
79.0 9.3814180e-01 5.1491804e-03
80.0 9.3860471e-01 5.1504507e-03
81.0 9.2897783e-01 5.1239695e-03
82.0 9.2901702e-01 5.1240777e-03
83.0 9.3189741e-01 5.1320150e-03
84.0 9.3959951e-01 5.1531794e-03
85.0 9.3624104e-01 5.1439614e-03
86.0 9.3196246e-01 5.1321941e-03
87.0 9.2964578e-01 5.1258113e-03
88.0 9.3426355e-01 5.1385261e-03
89.0 9.3530956e-01 5.1414019e-03
90.0 9.3172577e-01 5.1315424e-03
91.0 9.3415215e-01 5.1382198e-03
92.0 9.3506611e-01 5.1407327e-03
93.0 9.4049338e-01 5.1556299e-03
94.0 9.3651602e-01 5.1447168e-03
95.0 9.3446814e-01 5.1390887e-03
96.0 9.3235435e-01 5.1332731e-03
97.0 9.2539729e-01 5.1140854e-03
98.0 9.2774373e-01 5.1205650e-03
99.0 9.2953792e-01 5.1255140e-03
100.0 9.3015877e-01 5.1272254e-03
101.0 9.2969312e-01 5.1259418e-03
102.0 9.2311598e-01 5.1077779e-03
103.0 9.2145492e-01 5.1031803e-03
104.0 9.1995676e-01 5.0990301e-03
105.0 9.1601006e-01 5.0880807e-03
106.0 9.1563998e-01 5.0870527e-03
107.0 9.1859032e-01 5.0952418e-03
108.0 9.2908401e-01 5.1242624e-03
109.0 9.3021095e-01 5.1273692e-03
110.0 9.3116836e-01 5.1300072e-03
111.0 9.3019542e-01 5.1273264e-03
112.0 9.1997890e-01 5.0990914e-03
113.0 9.2018374e-01 5.0996591e-03
114.0 9.2079199e-01 5.1013443e-03
115.0 9.3406883e-01 5.1379906e-03
116.0 9.3396279e-01 5.1376990e-03
117.0 9.3663034e-01 5.1450308e-03
118.0 9.3710352e-01 5.1463302e-03
119.0 9.3109045e-01 5.1297926e-03
120.0 9.3651336e-01 5.1447095e-03
121.0 9.3953527e-01 5.1530032e-03
122.0 9.4300168e-01 5.1625004e-03
123.0 9.3871112e-01 5.1507426e-03
124.0 9.4671596e-01 5.1726574e-03
125.0 9.3967099e-01 5.1533753e-03
126.0 9.4258745e-01 5.1613664e-03
127.0 9.5305165e-01 5.1899370e-03
128.0 9.4703794e-01 5.1735369e-03
129.0 9.4406989e-01 5.1654236e-03
130.0 9.4485879e-01 5.1675813e-03
131.0 9.4225288e-01 5.1604503e-03
132.0 9.3424449e-01 5.1384737e-03
133.0 9.3477128e-01 5.1399222e-03
134.0 9.2954651e-01 5.1255377e-03
135.0 9.3288824e-01 5.1347426e-03
136.0 9.2898048e-01 5.1239769e-03
137.0 9.3724080e-01 5.1467072e-03
138.0 9.3279976e-01 5.1344991e-03
139.0 9.3084403e-01 5.1291137e-03
140.0 9.3440506e-01 5.1389153e-03
141.0 9.2733139e-01 5.1194269e-03
142.0 9.2821635e-01 5.1218691e-03
143.0 9.3479574e-01 5.1399895e-03
144.0 9.2649958e-01 5.1171303e-03
145.0 9.2796388e-01 5.1211725e-03
146.0 9.2995435e-01 5.1266620e-03
147.0 9.3417392e-01 5.1382796e-03
148.0 9.2788131e-01 5.1209446e-03
149.0 9.2150241e-01 5.1033118e-03
150.0 9.2480618e-01 5.1124518e-03
151.0 9.2700104e-01 5.1185150e-03
152.0 9.2889109e-01 5.1237303e-03
153.0 9.3065371e-01 5.1285893e-03
154.0 9.2744563e-01 5.1197422e-03
155.0 9.2921623e-01 5.1246270e-03
156.0 9.3091991e-01 5.1293227e-03
157.0 9.2689702e-01 5.1182278e-03
158.0 9.3618363e-01 5.1438037e-03
159.0 9.3859658e-01 5.1504284e-03
160.0 9.3258413e-01 5.1339056e-03
161.0 9.3631159e-01 5.1441552e-03
162.0 9.3144568e-01 5.1307710e-03
163.0 9.3548795e-01 5.1418922e-03
164.0 9.4143207e-01 5.1582022e-03
165.0 9.3708869e-01 5.1462895e-03
166.0 9.4235096e-01 5.1607189e-03
167.0 9.4479349e-01 5.1674028e-03
168.0 9.4871966e-01 5.1781284e-03
169.0 9.5744056e-01 5.2018734e-03
170.0 9.5475623e-01 5.1945761e-03
171.0 9.4989714e-01 5.1813408e-03
172.0 9.4509991e-01 5.1682406e-03
173.0 9.4090255e-01 5.1567513e-03
174.0 9.4063494e-01 5.1560179e-03
175.0 9.4263309e-01 5.1614914e-03
176.0 9.4458382e-01 5.1668294e-03
177.0 9.4946192e-01 5.1801537e-03
178.0 9.4957569e-01 5.1804640e-03
179.0 9.5622674e-01 5.1985749e-03
180.0 9.5314897e-01 5.1902020e-03
181.0 9.6506202e-01 5.2225364e-03
182.0 9.6594779e-01 5.2249326e-03
183.0 9.5972906e-01 5.2080865e-03
184.0 9.5323407e-01 5.1904336e-03
185.0 9.5523049e-01 5.1958662e-03
186.0 9.5367137e-01 5.1916241e-03
187.0 9.5691761e-01 5.2004526e-03
188.0 9.5912491e-01 5.2064470e-03
189.0 9.5872152e-01 5.2053520e-03
190.0 9.5447019e-01 5.1937979e-03
191.0 9.4646564e-01 5.1719735e-03
192.0 9.4318869e-01 5.1630123e-03
193.0 9.4663449e-01 5.1724348e-03
194.0 9.4702261e-01 5.1734951e-03
195.0 9.4028363e-01 5.1550550e-03
196.0 9.4128056e-01 5.1577871e-03
197.0 9.4322383e-01 5.1631085e-03
198.0 9.3807813e-01 5.1490057e-03
199.0 9.3777834e-01 5.1481829e-03
200.0 9.3698229e-01 5.1459974e-03
201.0 9.3082091e-01 5.1290500e-03
202.0 9.3295594e-01 5.1349289e-03
203.0 9.3583539e-01 5.1428469e-03
204.0 9.4097527e-01 5.1569506e-03
205.0 9.4584131e-01 5.1702674e-03
206.0 9.3823005e-01 5.1494226e-03
207.0 9.3304902e-01 5.1351850e-03
208.0 9.3558569e-01 5.1421608e-03
209.0 9.3781530e-01 5.1482843e-03
210.0 9.3999814e-01 5.1542724e-03
211.0 9.5948226e-01 5.2074168e-03
212.0 9.6177389e-01 5.2136318e-03
213.0 9.6686557e-01 5.2274142e-03
214.0 9.7024327e-01 5.2365371e-03
215.0 9.7113179e-01 5.2389343e-03
216.0 9.6708991e-01 5.2280206e-03
217.0 9.6936517e-01 5.2341670e-03
218.0 9.6446775e-01 5.2209282e-03
219.0 9.6340972e-01 5.2180637e-03
220.0 9.6166051e-01 5.2133245e-03
221.0 9.6243425e-01 5.2154214e-03
222.0 9.7410234e-01 5.2469407e-03
223.0 9.6345194e-01 5.2181780e-03
224.0 9.6597559e-01 5.2250078e-03
225.0 9.5637830e-01 5.1989869e-03
226.0 9.5300485e-01 5.1898096e-03
227.0 9.5711626e-01 5.2009923e-03
228.0 9.5588965e-01 5.1976585e-03
229.0 9.4926932e-01 5.1796282e-03
230.0 9.4537484e-01 5.1689923e-03
231.0 9.4875302e-01 5.1782194e-03
232.0 9.4419736e-01 5.1657723e-03
233.0 9.4417791e-01 5.1657191e-03
234.0 9.4319696e-01 5.1630349e-03
235.0 9.3926493e-01 5.1522618e-03
236.0 9.5008808e-01 5.1818615e-03
237.0 9.5241136e-01 5.1881933e-03
238.0 9.4054434e-01 5.1557696e-03
239.0 9.4088018e-01 5.1566900e-03
240.0 9.3703940e-01 5.1461542e-03
241.0 9.4117925e-01 5.1575095e-03
242.0 9.3675904e-01 5.1453843e-03
243.0 9.3616095e-01 5.1437414e-03
244.0 9.3924996e-01 5.1522207e-03
245.0 9.4423492e-01 5.1658750e-03
246.0 9.3785852e-01 5.1484029e-03
247.0 9.3542989e-01 5.1417326e-03
248.0 9.3249763e-01 5.1336675e-03
249.0 9.2916189e-01 5.1244771e-03
250.0 9.3849413e-01 5.1501473e-03
251.0 9.4024206e-01 5.1549411e-03
252.0 9.3360824e-01 5.1367237e-03
253.0 9.3870127e-01 5.1507156e-03
254.0 9.4935277e-01 5.1798559e-03
255.0 9.5333741e-01 5.1907150e-03
256.0 9.4408351e-01 5.1654608e-03
257.0 9.4076131e-01 5.1563643e-03
258.0 9.4709158e-01 5.1736835e-03
259.0 9.4347483e-01 5.1637954e-03
260.0 9.4558612e-01 5.1695699e-03
261.0 9.4931956e-01 5.1797653e-03
262.0 9.4477535e-01 5.1673532e-03
263.0 9.4519531e-01 5.1685015e-03
264.0 9.2886267e-01 5.1236520e-03
265.0 9.2380423e-01 5.1096816e-03
266.0 9.2306137e-01 5.1076268e-03
267.0 9.1757037e-01 5.0924123e-03
268.0 9.2712909e-01 5.1188685e-03
269.0 9.2058692e-01 5.1007762e-03
270.0 9.1926038e-01 5.0970998e-03
271.0 9.2035466e-01 5.1001327e-03
272.0 9.2712001e-01 5.1188434e-03
273.0 9.1847673e-01 5.0949268e-03
274.0 9.2367147e-01 5.1093145e-03
275.0 9.2360194e-01 5.1091221e-03
276.0 9.1894437e-01 5.0962236e-03
277.0 9.2213041e-01 5.1050505e-03
278.0 9.2342522e-01 5.1086333e-03
279.0 9.2080668e-01 5.1013849e-03
280.0 9.2223241e-01 5.1053328e-03
281.0 9.2138293e-01 5.1029810e-03
282.0 9.2287490e-01 5.1071109e-03
283.0 9.2715058e-01 5.1189278e-03
284.0 9.3563986e-01 5.1423096e-03
285.0 9.2918495e-01 5.1245407e-03
286.0 9.4035578e-01 5.1552528e-03
287.0 9.3013556e-01 5.1271614e-03
288.0 9.2942949e-01 5.1252150e-03
289.0 9.3265799e-01 5.1341089e-03
290.0 9.3414377e-01 5.1381967e-03
291.0 9.3148815e-01 5.1308880e-03
292.0 9.3145335e-01 5.1307921e-03
293.0 9.2987103e-01 5.1264323e-03
294.0 9.2758200e-01 5.1201186e-03
295.0 9.3245999e-01 5.1335639e-03
296.0 9.3418466e-01 5.1383092e-03
297.0 9.3049778e-01 5.1281597e-03
298.0 9.3549741e-01 5.1419182e-03
299.0 9.3713075e-01 5.1464050e-03
300.0 9.4088887e-01 5.1567138e-03
301.0 9.4333827e-01 5.1634217e-03
302.0 9.3829568e-01 5.1496027e-03
303.0 9.3522523e-01 5.1411701e-03
304.0 9.3934603e-01 5.1524842e-03
305.0 9.4246323e-01 5.1610263e-03
306.0 9.4216153e-01 5.1602002e-03
307.0 9.4292113e-01 5.1622799e-03
308.0 9.4962534e-01 5.1805994e-03
309.0 9.4646492e-01 5.1719716e-03
310.0 9.4885550e-01 5.1784991e-03
311.0 9.4686724e-01 5.1730707e-03
312.0 9.4508352e-01 5.1681958e-03
313.0 9.5053801e-01 5.1830883e-03
314.0 9.5428655e-01 5.1932983e-03
315.0 9.5779489e-01 5.2028358e-03
316.0 9.6362026e-01 5.2186339e-03
317.0 9.6266438e-01 5.2160449e-03
318.0 9.6481683e-01 5.2218729e-03
319.0 9.6178846e-01 5.2136713e-03
320.0 9.6207895e-01 5.2144586e-03
321.0 9.6035415e-01 5.2097823e-03
322.0 9.6029311e-01 5.2096167e-03
323.0 9.6296362e-01 5.2168555e-03
324.0 9.5851904e-01 5.2048023e-03
325.0 9.6877112e-01 5.2325629e-03
326.0 9.6247359e-01 5.2155280e-03
327.0 9.5518788e-01 5.1957503e-03
328.0 9.6011516e-01 5.2091340e-03
329.0 9.6289466e-01 5.2166687e-03
330.0 9.6466364e-01 5.2214584e-03
331.0 9.6632867e-01 5.2259626e-03
332.0 9.6484459e-01 5.2219481e-03
333.0 9.5907723e-01 5.2063176e-03
334.0 9.5850839e-01 5.2047734e-03
335.0 9.5365366e-01 5.1915759e-03
336.0 9.5734487e-01 5.2016134e-03
337.0 9.5590821e-01 5.1977090e-03
338.0 9.5147597e-01 5.1856450e-03
339.0 9.4973860e-01 5.1809084e-03
340.0 9.5149272e-01 5.1856906e-03
341.0 9.4773573e-01 5.1754426e-03
342.0 9.4247279e-01 5.1610525e-03
343.0 9.4308553e-01 5.1627299e-03
344.0 9.4380763e-01 5.1647061e-03
345.0 9.4096080e-01 5.1569110e-03
346.0 9.3815610e-01 5.1492197e-03
347.0 9.3887392e-01 5.1511892e-03
348.0 9.3102195e-01 5.1296039e-03
349.0 9.2388632e-01 5.1099086e-03
350.0 9.2052842e-01 5.1006141e-03
351.0 9.2000198e-01 5.0991554e-03
352.0 9.2237447e-01 5.1057260e-03
353.0 9.3049942e-01 5.1281642e-03
354.0 9.3484488e-01 5.1401246e-03
355.0 9.3371891e-01 5.1370281e-03
356.0 9.3299250e-01 5.1350295e-03
357.0 9.2696304e-01 5.1184101e-03
358.0 9.2602025e-01 5.1158065e-03
359.0 9.2434132e-01 5.1111667e-03
360.0 9.2649359e-01 5.1171138e-03
361.0 9.2352112e-01 5.1088986e-03
362.0 9.2786865e-01 5.1209097e-03
363.0 9.3683198e-01 5.1455846e-03
364.0 9.3639453e-01 5.1443831e-03
365.0 9.3805847e-01 5.1489517e-03
366.0 9.4097612e-01 5.1569529e-03
367.0 9.3827178e-01 5.1495371e-03
368.0 9.3921342e-01 5.1521205e-03
369.0 9.3891486e-01 5.1513015e-03
370.0 9.3929238e-01 5.1523371e-03
371.0 9.3583397e-01 5.1428430e-03
372.0 9.3667385e-01 5.1451503e-03
373.0 9.3976961e-01 5.1536458e-03
374.0 9.4736759e-01 5.1744373e-03
375.0 9.5194920e-01 5.1869344e-03
376.0 9.6209542e-01 5.2145032e-03
377.0 9.5682747e-01 5.2002076e-03
378.0 9.6015159e-01 5.2092328e-03
379.0 9.5937229e-01 5.2071184e-03
380.0 9.6902925e-01 5.2332600e-03
381.0 9.6320945e-01 5.2175214e-03
382.0 9.5824963e-01 5.2040708e-03
383.0 9.5531743e-01 5.1961026e-03
384.0 9.4500736e-01 5.1679876e-03
385.0 9.4314059e-01 5.1628806e-03
386.0 9.3955353e-01 5.1530532e-03
387.0 9.4074104e-01 5.1563087e-03
388.0 9.4317757e-01 5.1629819e-03
389.0 9.5289381e-01 5.1895072e-03
390.0 9.5663435e-01 5.1996828e-03
391.0 9.5165300e-01 5.1861273e-03
392.0 9.4497847e-01 5.1679086e-03
393.0 9.4557339e-01 5.1695351e-03
394.0 9.3728816e-01 5.1468372e-03
395.0 9.4598329e-01 5.1706554e-03
396.0 9.5149407e-01 5.1856943e-03
397.0 9.4920672e-01 5.1794574e-03
398.0 9.4097167e-01 5.1569407e-03
399.0 9.4824629e-01 5.1768364e-03
400.0 9.4676515e-01 5.1727918e-03
401.0 9.5209961e-01 5.1873441e-03
402.0 9.4282298e-01 5.1620112e-03
403.0 9.3966059e-01 5.1533468e-03
404.0 9.4034907e-01 5.1552344e-03
405.0 9.4095432e-01 5.1568932e-03
406.0 9.3818597e-01 5.1493016e-03
407.0 9.4092642e-01 5.1568167e-03
408.0 9.3540675e-01 5.1416690e-03
409.0 9.3524837e-01 5.1412337e-03
410.0 9.3587722e-01 5.1429619e-03
411.0 9.3797237e-01 5.1487154e-03
412.0 9.4081418e-01 5.1565092e-03
413.0 9.3458787e-01 5.1394179e-03
414.0 9.2678213e-01 5.1179106e-03
415.0 9.3373445e-01 5.1370709e-03
416.0 9.3529615e-01 5.1413650e-03
417.0 9.3124902e-01 5.1302294e-03
418.0 9.3914897e-01 5.1519437e-03
419.0 9.3969681e-01 5.1534461e-03
420.0 9.4586092e-01 5.1703210e-03
421.0 9.4558171e-01 5.1695578e-03
422.0 9.5488653e-01 5.1949306e-03
423.0 9.6219956e-01 5.2147854e-03
424.0 9.5971576e-01 5.2080504e-03
425.0 9.6358432e-01 5.2185365e-03
426.0 9.6570132e-01 5.2242660e-03
427.0 9.7171426e-01 5.2405052e-03
428.0 9.6571759e-01 5.2243100e-03
429.0 9.6845467e-01 5.2317082e-03
430.0 9.7323623e-01 5.2446076e-03
431.0 9.6384386e-01 5.2192393e-03
432.0 9.5775470e-01 5.2027267e-03
433.0 9.4717042e-01 5.1738988e-03
434.0 9.4609800e-01 5.1709689e-03
435.0 9.5008435e-01 5.1818513e-03
436.0 9.5758566e-01 5.2022675e-03
437.0 9.5702906e-01 5.2007554e-03
438.0 9.6441929e-01 5.2207970e-03
439.0 9.5575457e-01 5.1972913e-03
440.0 9.4492318e-01 5.1677574e-03
441.0 9.4252450e-01 5.1611941e-03
442.0 9.4276798e-01 5.1618607e-03
443.0 9.4188950e-01 5.1594552e-03
444.0 9.3174863e-01 5.1316053e-03
445.0 9.3258644e-01 5.1339119e-03
446.0 9.2710058e-01 5.1187898e-03
447.0 9.3119472e-01 5.1300798e-03
448.0 9.3256568e-01 5.1338548e-03
449.0 9.2713858e-01 5.1188947e-03
450.0 9.2453143e-01 5.1116923e-03
451.0 9.1955771e-01 5.0979241e-03
452.0 9.1956416e-01 5.0979419e-03
453.0 9.2428598e-01 5.1110137e-03
454.0 9.1908883e-01 5.0966242e-03
455.0 9.2200629e-01 5.1047069e-03
456.0 9.2014497e-01 5.0995517e-03
457.0 9.1692862e-01 5.0906311e-03
458.0 9.1683634e-01 5.0903750e-03
459.0 9.1190805e-01 5.0766753e-03
460.0 9.0984375e-01 5.0709260e-03
461.0 9.0516888e-01 5.0578818e-03
462.0 9.1692638e-01 5.0906249e-03
463.0 9.1812567e-01 5.0939530e-03
464.0 9.1539250e-01 5.0863652e-03
465.0 9.1713421e-01 5.0912018e-03
466.0 9.1697208e-01 5.0907518e-03
467.0 9.1629028e-01 5.0888589e-03
468.0 9.1969618e-01 5.0983079e-03
469.0 9.2374340e-01 5.1095134e-03
470.0 9.2164514e-01 5.1037070e-03
471.0 9.2003815e-01 5.0992556e-03
472.0 9.1986520e-01 5.0987763e-03
473.0 9.0899151e-01 5.0685505e-03
474.0 9.0271249e-01 5.0510142e-03
475.0 9.1148159e-01 5.0754881e-03
476.0 9.2138482e-01 5.1029862e-03
477.0 9.2144050e-01 5.1031404e-03
478.0 9.2538171e-01 5.1140424e-03
479.0 9.2733085e-01 5.1194254e-03
480.0 9.4269488e-01 5.1616605e-03
481.0 9.4684617e-01 5.1730131e-03
482.0 9.4416453e-01 5.1656825e-03
483.0 9.3815576e-01 5.1492187e-03
484.0 9.3050030e-01 5.1281666e-03
485.0 9.3284114e-01 5.1346130e-03
486.0 9.2982752e-01 5.1263124e-03
487.0 9.2390405e-01 5.1099577e-03
488.0 9.2276738e-01 5.1068133e-03
489.0 9.1993864e-01 5.0989799e-03
490.0 9.3055620e-01 5.1283206e-03
491.0 9.3533445e-01 5.1414703e-03
492.0 9.3446656e-01 5.1390844e-03
493.0 9.4109972e-01 5.1572916e-03
494.0 9.4034719e-01 5.1552292e-03
495.0 9.3489189e-01 5.1402538e-03
496.0 9.4148508e-01 5.1583474e-03
497.0 9.4298582e-01 5.1624570e-03
498.0 9.3731395e-01 5.1469080e-03
499.0 9.3701792e-01 5.1460952e-03
500.0 9.3343394e-01 5.1362441e-03
501.0 9.2759061e-01 5.1201424e-03
502.0 9.3345200e-01 5.1362938e-03
503.0 9.4361491e-01 5.1641787e-03
504.0 9.3642467e-01 5.1444659e-03
505.0 9.3975464e-01 5.1536047e-03
506.0 9.3651718e-01 5.1447200e-03
507.0 9.3369770e-01 5.1369698e-03
508.0 9.3004740e-01 5.1269184e-03
509.0 9.2514232e-01 5.1133808e-03
510.0 9.2573724e-01 5.1150247e-03
511.0 9.2262395e-01 5.1064164e-03
512.0 9.2537026e-01 5.1140107e-03
513.0 9.2580900e-01 5.1152229e-03
514.0 9.2493846e-01 5.1128174e-03
515.0 9.2052065e-01 5.1005926e-03
516.0 9.1787895e-01 5.0932685e-03
517.0 9.2191124e-01 5.1044437e-03
518.0 9.2467901e-01 5.1121003e-03
519.0 9.1990459e-01 5.0988855e-03
520.0 9.2093447e-01 5.1017389e-03
521.0 9.2544298e-01 5.1142117e-03
522.0 9.1745237e-01 5.0920848e-03
523.0 9.2081470e-01 5.1014072e-03
524.0 9.1782183e-01 5.0931100e-03
525.0 9.2148540e-01 5.1032647e-03
526.0 9.1864208e-01 5.0953854e-03
527.0 9.1060123e-01 5.0730364e-03
528.0 9.0371998e-01 5.0538321e-03
529.0 9.0566705e-01 5.0592734e-03
530.0 9.0849987e-01 5.0671796e-03
531.0 9.0507356e-01 5.0576155e-03
532.0 9.0980725e-01 5.0708243e-03
533.0 9.0264766e-01 5.0508328e-03
534.0 9.0391315e-01 5.0543722e-03
535.0 8.9856464e-01 5.0393965e-03
536.0 8.9587233e-01 5.0318412e-03
537.0 8.9726100e-01 5.0357396e-03
538.0 8.9444109e-01 5.0278202e-03
539.0 8.9462606e-01 5.0283400e-03
540.0 9.0172453e-01 5.0482495e-03
541.0 9.0032125e-01 5.0443199e-03
542.0 9.0581170e-01 5.0596774e-03
543.0 9.0091302e-01 5.0459774e-03
544.0 9.0468337e-01 5.0565251e-03
545.0 9.1300221e-01 5.0797201e-03
546.0 9.0126124e-01 5.0469525e-03
547.0 8.9870686e-01 5.0397953e-03
548.0 9.0376434e-01 5.0539561e-03
549.0 9.0470523e-01 5.0565862e-03
550.0 9.0849268e-01 5.0671596e-03
551.0 9.0708068e-01 5.0632203e-03
552.0 9.0908043e-01 5.0687984e-03
553.0 9.1007432e-01 5.0715685e-03
554.0 9.1725988e-01 5.0915506e-03
555.0 9.1875914e-01 5.0957100e-03
556.0 9.2071117e-01 5.1011204e-03
557.0 9.1932374e-01 5.0972755e-03
558.0 9.1793169e-01 5.0934148e-03
559.0 9.1678315e-01 5.0902273e-03
560.0 9.1970774e-01 5.0983399e-03
561.0 9.1854404e-01 5.0951134e-03
562.0 9.2130356e-01 5.1027612e-03
563.0 9.3330789e-01 5.1358974e-03
564.0 9.3836128e-01 5.1497827e-03
565.0 9.3677032e-01 5.1454152e-03
566.0 9.4254575e-01 5.1612523e-03
567.0 9.3977062e-01 5.1536485e-03
568.0 9.2904679e-01 5.1241597e-03
569.0 9.2431391e-01 5.1110910e-03
570.0 9.1575226e-01 5.0873646e-03
571.0 9.1593502e-01 5.0878723e-03
572.0 9.1849258e-01 5.0949707e-03
573.0 9.2896494e-01 5.1239340e-03
574.0 9.3162533e-01 5.1312658e-03
575.0 9.3095572e-01 5.1294214e-03
576.0 9.3475209e-01 5.1398694e-03
577.0 9.2214199e-01 5.1050825e-03
578.0 9.2250803e-01 5.1060956e-03
579.0 9.2588303e-01 5.1154274e-03
580.0 9.1839974e-01 5.0947132e-03
581.0 9.2563189e-01 5.1147336e-03
582.0 9.2885565e-01 5.1236326e-03
583.0 9.2774735e-01 5.1205750e-03
584.0 9.3162433e-01 5.1312630e-03
585.0 9.4300213e-01 5.1625016e-03
586.0 9.4295714e-01 5.1623785e-03
587.0 9.4348167e-01 5.1638141e-03
588.0 9.4068028e-01 5.1561422e-03
589.0 9.3603811e-01 5.1434039e-03
590.0 9.4068311e-01 5.1561499e-03
591.0 9.3648437e-01 5.1446298e-03
592.0 9.3723222e-01 5.1466836e-03
593.0 9.3579350e-01 5.1427318e-03
594.0 9.3949961e-01 5.1529054e-03
595.0 9.4182667e-01 5.1592831e-03
596.0 9.4690803e-01 5.1731821e-03
597.0 9.4333326e-01 5.1634080e-03
598.0 9.4137776e-01 5.1580534e-03
599.0 9.3597974e-01 5.1432435e-03
600.0 9.3354695e-01 5.1365551e-03
601.0 9.3540157e-01 5.1416548e-03
602.0 9.3924823e-01 5.1522160e-03
603.0 9.3475384e-01 5.1398743e-03
604.0 9.3979934e-01 5.1537273e-03
605.0 9.4690425e-01 5.1731718e-03
606.0 9.4827849e-01 5.1769243e-03
607.0 9.5657170e-01 5.1995126e-03
608.0 9.5085551e-01 5.1839539e-03
609.0 9.4351313e-01 5.1639002e-03
610.0 9.3433120e-01 5.1387122e-03
611.0 9.4222204e-01 5.1603659e-03
612.0 9.4551596e-01 5.1693781e-03
613.0 9.4552501e-01 5.1694028e-03
614.0 9.4755194e-01 5.1749407e-03
615.0 9.4234935e-01 5.1607145e-03
616.0 9.5502324e-01 5.1953025e-03
617.0 9.5418085e-01 5.1930107e-03
618.0 9.5279673e-01 5.1892429e-03
619.0 9.5496941e-01 5.1951560e-03
620.0 9.5673439e-01 5.1999547e-03
621.0 9.5729104e-01 5.2014672e-03
622.0 9.5239109e-01 5.1881381e-03
623.0 9.5391134e-01 5.1922772e-03
624.0 9.6290641e-01 5.2167005e-03
625.0 9.6918519e-01 5.2336810e-03
626.0 9.7624227e-01 5.2527009e-03
627.0 9.7193031e-01 5.2410877e-03
628.0 9.6553555e-01 5.2238175e-03
629.0 9.6373535e-01 5.2189455e-03
630.0 9.6254365e-01 5.2157178e-03
631.0 9.6681405e-01 5.2272749e-03
632.0 9.5735393e-01 5.2016381e-03
633.0 9.6554878e-01 5.2238534e-03
634.0 9.6472394e-01 5.2216216e-03
635.0 9.6194504e-01 5.2140957e-03
636.0 9.5534107e-01 5.1961669e-03
637.0 9.4550778e-01 5.1693557e-03
638.0 9.4901038e-01 5.1789217e-03
639.0 9.4870785e-01 5.1780962e-03
640.0 9.4162981e-01 5.1587439e-03
641.0 9.3485503e-01 5.1401525e-03
642.0 9.3348796e-01 5.1363928e-03
643.0 9.4202237e-01 5.1598191e-03
644.0 9.3968355e-01 5.1534098e-03
645.0 9.3103843e-01 5.1296493e-03
646.0 9.2932172e-01 5.1249179e-03
647.0 9.2798710e-01 5.1212366e-03
648.0 9.1442380e-01 5.0836732e-03
649.0 9.1452487e-01 5.0839542e-03
650.0 9.1376131e-01 5.0818314e-03
651.0 9.1848343e-01 5.0949453e-03
652.0 9.2912976e-01 5.1243886e-03
653.0 9.3503272e-01 5.1406409e-03
654.0 9.3298649e-01 5.1350130e-03
655.0 9.2674311e-01 5.1178028e-03
656.0 9.3904695e-01 5.1516639e-03
657.0 9.3788198e-01 5.1484673e-03
658.0 9.3723267e-01 5.1466848e-03
659.0 9.3720341e-01 5.1466045e-03
660.0 9.3920835e-01 5.1521066e-03
661.0 9.3960916e-01 5.1532058e-03
662.0 9.3745962e-01 5.1473079e-03
663.0 9.3486692e-01 5.1401852e-03
664.0 9.3524653e-01 5.1412287e-03
665.0 9.3341012e-01 5.1361786e-03
666.0 9.3068030e-01 5.1286626e-03
667.0 9.3174561e-01 5.1315970e-03
668.0 9.3088517e-01 5.1292270e-03
669.0 9.3880186e-01 5.1509916e-03
670.0 9.2492513e-01 5.1127806e-03
671.0 9.3074985e-01 5.1288542e-03
672.0 9.3695633e-01 5.1459261e-03
673.0 9.2591396e-01 5.1155129e-03
674.0 9.2424565e-01 5.1109022e-03
675.0 9.2276141e-01 5.1067968e-03
676.0 9.1615077e-01 5.0884714e-03
677.0 9.1352247e-01 5.0811672e-03
678.0 9.0908647e-01 5.0688153e-03
679.0 9.1922538e-01 5.0970028e-03
680.0 9.2499614e-01 5.1129768e-03
681.0 9.3201142e-01 5.1323289e-03
682.0 9.3519700e-01 5.1410925e-03
683.0 9.2869484e-01 5.1231891e-03
684.0 9.2550938e-01 5.1143951e-03
685.0 9.2753276e-01 5.1199827e-03
686.0 9.2093631e-01 5.1017440e-03
687.0 9.2531389e-01 5.1138550e-03
688.0 9.2574555e-01 5.1150476e-03
689.0 9.2571163e-01 5.1149539e-03
690.0 9.3095780e-01 5.1294271e-03
691.0 9.3389851e-01 5.1375222e-03
692.0 9.3189816e-01 5.1320171e-03
693.0 9.3754589e-01 5.1475448e-03
694.0 9.3179124e-01 5.1317227e-03
695.0 9.3489102e-01 5.1402514e-03
696.0 9.3802678e-01 5.1488648e-03
697.0 9.3632556e-01 5.1441936e-03
698.0 9.3807033e-01 5.1489843e-03
699.0 9.3200124e-01 5.1323009e-03
700.0 9.3733556e-01 5.1469674e-03
701.0 9.3669331e-01 5.1452037e-03
702.0 9.3422215e-01 5.1384123e-03
703.0 9.3975341e-01 5.1536014e-03
704.0 9.3628735e-01 5.1440886e-03
705.0 9.2946134e-01 5.1253028e-03
706.0 9.2205899e-01 5.1048528e-03
707.0 9.2568712e-01 5.1148862e-03
708.0 9.1974260e-01 5.0984365e-03
709.0 9.2956973e-01 5.1256017e-03
710.0 9.1942564e-01 5.0975579e-03
711.0 9.2911496e-01 5.1243477e-03
712.0 9.3047249e-01 5.1280899e-03
713.0 9.2959840e-01 5.1256807e-03
714.0 9.2609705e-01 5.1160186e-03
715.0 9.2768001e-01 5.1203891e-03
716.0 9.2749982e-01 5.1198918e-03
717.0 9.3344246e-01 5.1362676e-03
718.0 9.3422748e-01 5.1384269e-03
719.0 9.3516143e-01 5.1409947e-03
720.0 9.3383240e-01 5.1373403e-03
721.0 9.3396407e-01 5.1377025e-03
722.0 9.3572526e-01 5.1425443e-03
723.0 9.2713481e-01 5.1188843e-03
724.0 9.2092604e-01 5.1017156e-03
725.0 9.2603361e-01 5.1158434e-03
726.0 9.2808283e-01 5.1215007e-03
727.0 9.2798663e-01 5.1212352e-03
728.0 9.2860283e-01 5.1229353e-03
729.0 9.3078374e-01 5.1289476e-03
730.0 9.2819919e-01 5.1218217e-03
731.0 9.2414449e-01 5.1106225e-03
732.0 9.2479899e-01 5.1124320e-03
733.0 9.1976268e-01 5.0984922e-03
734.0 9.2272572e-01 5.1066981e-03
735.0 9.1498530e-01 5.0852338e-03
736.0 9.2145586e-01 5.1031829e-03
737.0 9.2475651e-01 5.1123145e-03
738.0 9.2666621e-01 5.1175905e-03
739.0 9.3185601e-01 5.1319010e-03
740.0 9.3999659e-01 5.1542681e-03
741.0 9.4452811e-01 5.1666770e-03
742.0 9.3432621e-01 5.1386985e-03
743.0 9.2743961e-01 5.1197256e-03
744.0 9.2453285e-01 5.1116962e-03
745.0 9.2554810e-01 5.1145021e-03
746.0 9.2940078e-01 5.1251359e-03
747.0 9.2707468e-01 5.1187182e-03
748.0 9.2975289e-01 5.1261066e-03
749.0 9.2751691e-01 5.1199390e-03
750.0 9.2516113e-01 5.1134328e-03
751.0 9.1775163e-01 5.0929153e-03
752.0 9.1301410e-01 5.0797532e-03
753.0 9.0679103e-01 5.0624119e-03
754.0 9.0347989e-01 5.0531607e-03
755.0 9.1055431e-01 5.0729058e-03
756.0 9.0706271e-01 5.0631701e-03
757.0 9.2162211e-01 5.1036432e-03
758.0 9.2433192e-01 5.1111408e-03
759.0 9.2488389e-01 5.1126666e-03
760.0 9.1989430e-01 5.0988570e-03
761.0 9.2306598e-01 5.1076395e-03
762.0 9.1973110e-01 5.0984047e-03
763.0 9.2075707e-01 5.1012475e-03
764.0 9.3466505e-01 5.1396301e-03
765.0 9.3501653e-01 5.1405964e-03
766.0 9.4217956e-01 5.1602496e-03
767.0 9.3917606e-01 5.1520180e-03
768.0 9.3909924e-01 5.1518073e-03
769.0 9.4782302e-01 5.1756809e-03
770.0 9.4403216e-01 5.1653203e-03
771.0 9.5294382e-01 5.1896434e-03
772.0 9.5658003e-01 5.1995352e-03
773.0 9.5380306e-01 5.1919825e-03
774.0 9.5706149e-01 5.2008435e-03
775.0 9.6127676e-01 5.2122842e-03
776.0 9.6330070e-01 5.2177685e-03
777.0 9.5426458e-01 5.1932385e-03
778.0 9.5044227e-01 5.1828273e-03
779.0 9.4928070e-01 5.1796593e-03
780.0 9.4920309e-01 5.1794475e-03
781.0 9.5237471e-01 5.1880935e-03
782.0 9.5274223e-01 5.1890944e-03
783.0 9.4569962e-01 5.1698801e-03
784.0 9.4778413e-01 5.1755747e-03
785.0 9.5031253e-01 5.1824735e-03
786.0 9.5159092e-01 5.1859582e-03
787.0 9.5550352e-01 5.1966087e-03
788.0 9.5830515e-01 5.2042216e-03
789.0 9.5956708e-01 5.2076470e-03
790.0 9.5797301e-01 5.2033196e-03
791.0 9.4831329e-01 5.1770193e-03
792.0 9.4949760e-01 5.1802510e-03
793.0 9.4994610e-01 5.1814743e-03
794.0 9.5131868e-01 5.1852163e-03
795.0 9.4495801e-01 5.1678526e-03
796.0 9.4005142e-01 5.1544184e-03
797.0 9.4606150e-01 5.1708692e-03
798.0 9.4579805e-01 5.1701492e-03
799.0 9.4829537e-01 5.1769704e-03
800.0 9.4728545e-01 5.1742130e-03
801.0 9.4665058e-01 5.1724788e-03
802.0 9.5092925e-01 5.1841549e-03
803.0 9.4720028e-01 5.1739803e-03
804.0 9.4639481e-01 5.1717800e-03
805.0 9.4318047e-01 5.1629898e-03
806.0 9.4079397e-01 5.1564538e-03
807.0 9.3941044e-01 5.1526609e-03
808.0 9.4070998e-01 5.1562236e-03
809.0 9.3846689e-01 5.1500725e-03
810.0 9.4519589e-01 5.1685031e-03
811.0 9.4038846e-01 5.1553424e-03
812.0 9.3931506e-01 5.1523993e-03
813.0 9.3675832e-01 5.1453823e-03
814.0 9.4368260e-01 5.1643639e-03
815.0 9.4387418e-01 5.1648881e-03
816.0 9.4840810e-01 5.1772781e-03
817.0 9.4032398e-01 5.1551656e-03
818.0 9.4159365e-01 5.1586448e-03
819.0 9.4602006e-01 5.1707559e-03
820.0 9.4570876e-01 5.1699051e-03
821.0 9.5044146e-01 5.1828251e-03
822.0 9.4731814e-01 5.1743022e-03
823.0 9.5456124e-01 5.1940457e-03
824.0 9.6579583e-01 5.2245216e-03
825.0 9.6260952e-01 5.2158962e-03
826.0 9.5869695e-01 5.2052853e-03
827.0 9.6493064e-01 5.2221809e-03
828.0 9.7194438e-01 5.2411257e-03
829.0 9.6796953e-01 5.2303977e-03
830.0 9.6471783e-01 5.2216050e-03
831.0 9.6259300e-01 5.2158515e-03
832.0 9.5561399e-01 5.1969090e-03
833.0 9.5118611e-01 5.1848550e-03
834.0 9.4587945e-01 5.1703716e-03
835.0 9.4211371e-01 5.1600692e-03
836.0 9.4264118e-01 5.1615135e-03
837.0 9.4435036e-01 5.1661908e-03
838.0 9.5184219e-01 5.1866428e-03
839.0 9.4563708e-01 5.1697092e-03
840.0 9.4922055e-01 5.1794952e-03
841.0 9.4634145e-01 5.1716342e-03
842.0 9.4439541e-01 5.1663140e-03
843.0 9.4630209e-01 5.1715266e-03
844.0 9.3945383e-01 5.1527799e-03
845.0 9.4117706e-01 5.1575035e-03
846.0 9.4236300e-01 5.1607519e-03
847.0 9.4505097e-01 5.1681068e-03
848.0 9.4650459e-01 5.1720799e-03
849.0 9.5849128e-01 5.2047269e-03
850.0 9.5423005e-01 5.1931445e-03
851.0 9.5069884e-01 5.1835268e-03
852.0 9.4677564e-01 5.1728204e-03
853.0 9.4323365e-01 5.1631353e-03
854.0 9.3975854e-01 5.1536154e-03
855.0 9.4593011e-01 5.1705101e-03
856.0 9.5327087e-01 5.1905338e-03
857.0 9.5049648e-01 5.1829751e-03
858.0 9.4646176e-01 5.1719629e-03
859.0 9.4853340e-01 5.1776201e-03
860.0 9.4460850e-01 5.1668969e-03
861.0 9.4670982e-01 5.1726406e-03
862.0 9.4676483e-01 5.1727909e-03
863.0 9.3863137e-01 5.1505238e-03
864.0 9.4705173e-01 5.1735746e-03
865.0 9.5616741e-01 5.1984137e-03
866.0 9.5202218e-01 5.1871332e-03
867.0 9.4892862e-01 5.1786986e-03
868.0 9.4957670e-01 5.1804668e-03
869.0 9.5061398e-01 5.1832955e-03
870.0 9.5330002e-01 5.1906132e-03
871.0 9.6251022e-01 5.2156272e-03
872.0 9.6031618e-01 5.2096793e-03
873.0 9.5585556e-01 5.1975659e-03
874.0 9.4871950e-01 5.1781280e-03
875.0 9.4455229e-01 5.1667431e-03
876.0 9.4401313e-01 5.1652683e-03
877.0 9.5285613e-01 5.1894046e-03
878.0 9.4998221e-01 5.1815728e-03
879.0 9.5152826e-01 5.1857875e-03
880.0 9.5154872e-01 5.1858432e-03
881.0 9.5689013e-01 5.2003779e-03
882.0 9.6767894e-01 5.2296125e-03
883.0 9.6238549e-01 5.2152892e-03
884.0 9.5790656e-01 5.2031392e-03
885.0 9.6219060e-01 5.2147611e-03
886.0 9.6483411e-01 5.2219197e-03
887.0 9.7309454e-01 5.2442258e-03
888.0 9.7421610e-01 5.2472471e-03
889.0 9.7103227e-01 5.2386658e-03
890.0 9.7340414e-01 5.2450600e-03
891.0 9.7831211e-01 5.2582663e-03
892.0 9.8066868e-01 5.2645956e-03
893.0 9.8112994e-01 5.2658336e-03
894.0 9.8475658e-01 5.2755569e-03
895.0 9.8924219e-01 5.2875585e-03
896.0 9.9466127e-01 5.3020213e-03
897.0 9.9553483e-01 5.3043491e-03
898.0 9.9179266e-01 5.2943703e-03
899.0 9.9028720e-01 5.2903505e-03
900.0 9.9438236e-01 5.3012779e-03
901.0 9.8811826e-01 5.2845539e-03
902.0 9.8814227e-01 5.2846181e-03
903.0 9.8445106e-01 5.2747385e-03
904.0 9.8344086e-01 5.2720314e-03
905.0 9.8860427e-01 5.2858533e-03
906.0 9.8736492e-01 5.2825390e-03
907.0 9.8519662e-01 5.2767355e-03
908.0 9.7604866e-01 5.2521800e-03
909.0 9.7789434e-01 5.2571435e-03
910.0 9.7911073e-01 5.2604121e-03
911.0 9.8754309e-01 5.2830156e-03
912.0 9.8325587e-01 5.2715356e-03
913.0 9.8215589e-01 5.2685861e-03
914.0 9.8157436e-01 5.2670261e-03
915.0 9.8735645e-01 5.2825164e-03
916.0 9.8385202e-01 5.2731334e-03
917.0 9.8241498e-01 5.2692809e-03
918.0 9.8346510e-01 5.2720964e-03
919.0 9.8282369e-01 5.2703769e-03
920.0 9.7923729e-01 5.2607521e-03
921.0 9.7843472e-01 5.2585958e-03
922.0 9.8209734e-01 5.2684290e-03
923.0 9.7505614e-01 5.2495089e-03
924.0 9.7444159e-01 5.2478543e-03
925.0 9.6936848e-01 5.2341759e-03
926.0 9.7398862e-01 5.2466345e-03
927.0 9.6463948e-01 5.2213930e-03
928.0 9.6050211e-01 5.2101836e-03
929.0 9.6116818e-01 5.2119898e-03
930.0 9.6804007e-01 5.2305882e-03
931.0 9.6613800e-01 5.2254470e-03
932.0 9.6149449e-01 5.2128745e-03
933.0 9.6940498e-01 5.2342744e-03
934.0 9.6019836e-01 5.2093597e-03
935.0 9.4749347e-01 5.1747810e-03
936.0 9.4877543e-01 5.1782806e-03
937.0 9.4528522e-01 5.1687473e-03
938.0 9.4015153e-01 5.1546929e-03
939.0 9.4418936e-01 5.1657504e-03
940.0 9.4556054e-01 5.1695000e-03
941.0 9.4257500e-01 5.1613323e-03
942.0 9.3566972e-01 5.1423917e-03
943.0 9.3938034e-01 5.1525783e-03
944.0 9.4136885e-01 5.1580290e-03
945.0 9.3985168e-01 5.1538708e-03
946.0 9.4860712e-01 5.1778213e-03
947.0 9.4225733e-01 5.1604625e-03
948.0 9.3423507e-01 5.1384478e-03
949.0 9.3089819e-01 5.1292629e-03
950.0 9.3047176e-01 5.1280880e-03
951.0 9.3176169e-01 5.1316413e-03
952.0 9.3117217e-01 5.1300177e-03
953.0 9.3389337e-01 5.1375080e-03
954.0 9.2839851e-01 5.1223716e-03
955.0 9.3659760e-01 5.1449409e-03
956.0 9.3565478e-01 5.1423506e-03
957.0 9.4035191e-01 5.1552422e-03
958.0 9.4111887e-01 5.1573441e-03
959.0 9.4299137e-01 5.1624722e-03
960.0 9.4550760e-01 5.1693552e-03
961.0 9.4737718e-01 5.1744635e-03
962.0 9.4982929e-01 5.1811557e-03
963.0 9.5599110e-01 5.1979344e-03
964.0 9.5632318e-01 5.1988371e-03
965.0 9.5949546e-01 5.2074526e-03
966.0 9.5866687e-01 5.2052036e-03
967.0 9.6541248e-01 5.2234846e-03
968.0 9.6109018e-01 5.2117783e-03
969.0 9.6956205e-01 5.2346985e-03
970.0 9.6829597e-01 5.2312796e-03
971.0 9.6023660e-01 5.2094634e-03
972.0 9.6062956e-01 5.2105293e-03
973.0 9.5660180e-01 5.1995944e-03
974.0 9.6041005e-01 5.2099339e-03
975.0 9.5634035e-01 5.1988837e-03
976.0 9.5378028e-01 5.1919205e-03
977.0 9.4393600e-01 5.1650573e-03
978.0 9.4194069e-01 5.1595954e-03
979.0 9.2935167e-01 5.1250005e-03
980.0 9.2123762e-01 5.1025786e-03
981.0 9.2555614e-01 5.1145243e-03
982.0 9.2998371e-01 5.1267429e-03
983.0 9.3255162e-01 5.1338161e-03
984.0 9.2747374e-01 5.1198198e-03
985.0 9.2670324e-01 5.1176927e-03
986.0 9.2589212e-01 5.1154526e-03
987.0 9.1889397e-01 5.0960839e-03
988.0 9.2575762e-01 5.1150810e-03
989.0 9.2982780e-01 5.1263131e-03
990.0 9.2919912e-01 5.1245798e-03
991.0 9.3024379e-01 5.1274597e-03
992.0 9.3186750e-01 5.1319327e-03
993.0 9.2156551e-01 5.1034865e-03
994.0 9.2082254e-01 5.1014289e-03
995.0 9.1808195e-01 5.0938317e-03
996.0 9.1418830e-01 5.0830186e-03
997.0 9.1469658e-01 5.0844314e-03
998.0 9.2576950e-01 5.1151138e-03
999.0 9.2983019e-01 5.1263197e-03
1000.0 9.2730839e-01 5.1193634e-03
