0423  51821  295
1949  53433  472
1273  52993  348
2030  53499  201
2520  54584  442
1940  53383  407
0561  52295  618
1603  53119  558
0453  51915  212
1427  52996  606
0464  51908  576
0634  52164  430
2020  53431  614
2007  53474  171
0916  52378  434
0603  52056  415
2089  53498  385
0625  52145  288
0436  51883  016
0999  52636  334
1683  53436  016
2425  54139  442
0433  51873  422
0465  51910  603
0513  51989  340
0366  52017  584
0329  52056  577
0564  52224  368
0564  52224  471
0753  52233  455
0755  52235  225
1052  52466  370
0738  52521  095
0993  52710  147
0914  52721  074
1351  52790  428
1342  52793  157
1864  53313  353
2491  53855  252
0848  52669  418
0555  52266  074
1371  52821  377
1844  54138  112
1417  53141  441
2783  54524  432
2641  54230  570
0490  51929  126
1796  53884  591
2509  54180  244
2647  54495  160
2488  54149  521
1186  52646  098
2164  53886  503
0640  52178  513
2646  54479  204
2583  54095  615
2501  54084  120
2128  53800  415
2518  54243  374
0413  51929  598
0837  52642  298
2645  54477  133
2353  53794  600
1843  53816  584
2970  54589  373
0967  52636  044
0767  52252  300
0593  52026  111
0984  52442  383
1429  52990  584
2769  54527  354
2532  54589  090
2166  54232  030
2281  53711  431
2420  54086  240
0597  52059  337
1598  53033  291
1237  52762  497
0593  52026  170
0656  52148  282
0461  51910  074
1750  53358  564
0764  52238  053
2512  53877  582
0469  51913  238
0892  52378  395
0268  51633  235
1793  53883  573
1598  53033  604
2595  54207  541
1817  53851  069
0349  51699  613
2440  53818  539
1713  53827  063
0567  52252  558
1690  53475  634
0385  51877  061
2351  53772  099
1230  52672  503
1431  52992  572
2971  54590  326
1575  53493  484
2764  54535  053
1773  53112  301
0498  51984  104
0411  51817  381
2034  53466  230
0637  52174  259
2529  54585  300
0600  52317  490
1223  52781  625
0551  51993  179
2478  54097  377
0721  52228  454
1676  53147  055
1626  53472  449
0614  53437  452
1754  53385  324
2364  53737  469
2606  54154  614
1775  53847  420
1791  54266  046
2080  53350  309
2294  53733  607
1838  53467  451
2351  53772  616
1167  52738  476
1695  53473  612
1989  53772  559
1667  53430  114
2885  54497  561
2008  53473  615
2347  53757  326
2341  53738  066
1378  53061  413
1949  53433  437
1779  53089  106
1201  52674  225
0752  52251  020
0511  52636  567
2424  54448  109
1428  52998  558
2101  53858  348
0666  52149  024
0628  52083  461
0793  52370  549
1714  53521  011
1872  53386  371
1725  54266  540
1944  53385  412
2522  54570  131
0664  52174  455
0939  52636  172
2347  53757  151
0836  52376  262
1329  52767  542
0773  52376  629
1433  53035  148
2376  53770  497
2592  54178  153
1455  53089  584
0899  52620  626
0723  52201  500
0896  52592  063
0597  52059  520
0554  52000  553
1453  53084  010
1865  53312  572
0942  52703  488
0897  52605  242
2222  53799  388
1847  54176  630
1807  54175  009
1364  53061  185
0795  52378  381
2517  54567  624
1372  53062  488
1367  53083  629
1773  53112  405
2583  54095  462
0932  52620  110
2237  53828  093
1604  53078  281
2173  53874  354
0408  51821  611
0768  52281  085
1694  53472  540
1394  53108  044
0411  51817  519
1941  53386  545
0653  52145  185
2106  53714  130
0994  52725  086
2152  53874  108
1714  53521  571
1378  53061  488
1606  53055  166
1195  52724  098
1854  53566  151
2772  54529  038
0650  52143  126
1843  53816  008
1619  53084  060
0722  52224  281
2023  53851  065
0526  52312  378
2003  53442  501
0510  52381  509
2365  53739  591
2617  54502  287
0666  52149  496
2526  54582  404
0409  51871  213
1803  54152  323
1795  54507  509
2362  53759  295
1926  53317  378
0860  52319  583
2216  53795  298
1810  53794  504
2508  53875  353
1744  53055  387
1271  52974  462
1214  52731  160
2493  54115  278
1735  53035  322
1218  52709  201
1457  53116  421
0607  52368  581
0767  52252  453
2102  54115  018
2352  53770  242
0507  52353  161
2613  54481  620
0976  52413  574
0814  52443  467
2265  53674  087
1645  53172  526
2615  54483  404
0987  52523  157
0792  52353  116
2744  54272  535
1728  53228  218
1716  53827  350
2007  53474  226
0827  52312  621
0882  52370  376
1199  52703  596
1402  52872  594
1446  53080  135
2615  54483  257
0594  52045  073
2276  53712  508
1845  54144  637
1362  53050  119
0596  52370  483
2151  54523  527
1215  52725  150
1224  52765  379
1843  53816  502
0856  52339  050
1440  53084  137
0941  52709  616
2233  53845  196
1592  52990  018
2795  54563  140
2428  53801  356
0489  51930  402
0795  52378  528
1214  52731  077
1005  52703  518
0402  51793  479
2242  54153  199
1004  52723  280
1310  53033  559
1380  53084  058
1054  52516  309
2492  54178  562
2955  54562  608
0353  51703  546
0644  52173  413
1432  53003  091
0741  52261  116
1171  52753  416
2774  54534  051
2485  54176  231
2292  53713  348         
