0.0 4.3074613e-01 1.7683712e-01
0.2 2.6493401e-01 1.2314031e-01
0.5 5.4793991e-01 1.5965462e-01
0.7 4.2735450e-01 1.1042145e-01
0.9 4.8199716e-01 8.9648587e-02
1.2 3.8019829e-01 9.8106091e-02
1.4 3.8354646e-01 1.0183340e-01
1.6 3.6350360e-01 9.4038470e-02
1.9 4.5799188e-01 6.3092993e-02
2.1 4.4434391e-01 7.7651795e-02
2.3 4.3414088e-01 7.3750030e-02
2.6 5.2699108e-01 8.3167738e-02
2.8 5.6900482e-01 7.2624944e-02
3.0 5.9727307e-01 6.5460773e-02
3.3 5.7958101e-01 6.8992950e-02
3.5 6.0792747e-01 8.1087050e-02
3.7 5.9372813e-01 8.8483042e-02
4.0 5.6197024e-01 6.4860625e-02
4.2 5.0269665e-01 6.7609031e-02
4.4 4.7169023e-01 7.0775966e-02
4.7 5.9727307e-01 8.8564575e-02
4.9 7.0150932e-01 8.3052269e-02
5.1 7.6392033e-01 9.2397462e-02
5.3 7.5283550e-01 9.2142511e-02
5.6 9.2236742e-01 9.6041745e-02
5.8 7.7874784e-01 1.0886693e-01
6.0 8.5749483e-01 8.2217109e-02
6.3 1.0000000e+00 8.9320573e-02
6.5 7.1245214e-01 1.0311113e-01
6.7 7.3442870e-01 1.1165810e-01
7.0 5.9018646e-01 9.9932224e-02
7.2 5.5845781e-01 9.9107279e-02
7.4 5.1308937e-01 9.4161250e-02
7.7 5.9372813e-01 9.2330130e-02
7.9 5.3047452e-01 1.0216355e-01
8.1 5.0962194e-01 1.0912649e-01
8.4 4.6826091e-01 1.0048378e-01
