0.0 4.3074613e-01 1.7683712e-01
0.2 2.6493401e-01 1.2314031e-01
0.5 5.4793991e-01 1.5965462e-01
0.7 4.2735450e-01 1.1042145e-01
0.9 4.8199716e-01 8.9648587e-02
1.2 3.8019829e-01 9.8106091e-02
1.4 3.8354646e-01 1.0183340e-01
1.6 3.6350360e-01 9.4038470e-02
1.9 4.5799188e-01 6.3092993e-02
2.1 4.4434391e-01 7.7651795e-02
2.3 4.3414088e-01 7.3750030e-02
2.6 5.2699108e-01 8.3167738e-02
2.8 5.6900482e-01 7.2624944e-02
3.0 5.9727307e-01 6.5460773e-02
3.3 5.7958101e-01 6.8992950e-02
3.5 6.0792747e-01 8.1087050e-02
3.7 5.9372813e-01 8.8483042e-02
4.0 5.6197024e-01 6.4860625e-02
4.2 5.0269665e-01 6.7609031e-02
4.4 4.7169023e-01 7.0775966e-02
4.7 5.9727307e-01 8.8564575e-02
4.9 7.0150932e-01 8.3052269e-02
5.1 7.6392033e-01 9.2397462e-02
5.3 7.5283550e-01 9.2142511e-02
5.6 9.2236742e-01 9.6041745e-02
5.8 7.7874784e-01 1.0886693e-01
6.0 8.5749483e-01 8.2217109e-02
6.3 1.0000000e+00 8.9320573e-02
6.5 7.1245214e-01 1.0311113e-01
6.7 7.3442870e-01 1.1165810e-01
7.0 5.9018646e-01 9.9932224e-02
7.2 5.5845781e-01 9.9107279e-02
7.4 5.1308937e-01 9.4161250e-02
7.7 5.9372813e-01 9.2330130e-02
7.9 5.3047452e-01 1.0216355e-01
8.1 5.0962194e-01 1.0912649e-01
8.4 4.6826091e-01 1.0048378e-01
23.5 3.0076035e-01 1.6348957e-01
23.8 4.5457518e-01 1.5944124e-01
24.0 3.6017388e-01 1.2286017e-01
24.2 3.3364623e-01 1.1119721e-01
24.5 3.3695150e-01 8.9757803e-02
24.7 3.7685320e-01 9.0755346e-02
24.9 4.2058062e-01 9.9196414e-02
25.4 4.5457518e-01 8.1574588e-02
25.6 3.8354646e-01 7.6375049e-02
25.9 4.1044315e-01 7.3276076e-02
26.1 3.5020310e-01 9.0089093e-02
26.3 3.1059433e-01 8.1970964e-02
26.6 3.4688562e-01 7.5605171e-02
26.8 3.8689772e-01 6.9164909e-02
27.0 4.7169023e-01 6.7050915e-02
27.3 4.3753876e-01 7.7508887e-02
27.5 2.7142092e-01 8.8119539e-02
27.7 4.7855835e-01 8.2102218e-02
28.0 3.8354646e-01 7.6375049e-02
28.2 4.5116161e-01 8.5204012e-02
28.4 3.9360950e-01 8.3880313e-02
28.7 4.1044315e-01 6.5948468e-02
28.9 3.8354646e-01 7.6375049e-02
29.1 3.6683639e-01 7.9644334e-02
29.4 3.6683639e-01 6.8783743e-02
29.6 3.1059433e-01 6.7715144e-02
29.8 2.7791979e-01 8.4750730e-02
30.1 2.1027507e-01 6.2345443e-02
30.3 3.2374864e-01 8.9427732e-02
30.5 2.1027507e-01 8.3127257e-02
31.2 2.5522602e-01 8.4206080e-02
31.4 3.0403532e-01 8.1820107e-02
31.7 3.0731332e-01 8.9016849e-02
31.9 2.5845904e-01 8.4283672e-02
32.1 2.3910553e-01 1.0477398e-01
72.0 8.4237774e-01 1.5154232e-01
72.3 7.6022198e-01 1.6054330e-01
72.8 8.1605648e-01 1.2208251e-01
73.1 7.9735921e-01 1.2152160e-01
73.3 6.4365553e-01 1.2080750e-01
73.5 5.7605237e-01 9.9564738e-02
73.8 6.8333834e-01 1.0629087e-01
74.2 5.4793991e-01 1.0263511e-01
74.5 5.4094410e-01 8.7269009e-02
75.1 7.0880117e-01 7.5281074e-02
75.3 7.7874784e-01 9.2738495e-02
75.6 7.8246326e-01 8.4752302e-02
75.8 8.6507428e-01 9.8842438e-02
76.0 7.8618210e-01 9.6949026e-02
76.3 7.2708968e-01 8.7569907e-02
76.5 7.1610647e-01 8.7328276e-02
76.7 7.5283550e-01 8.0123923e-02
77.8 6.0437273e-01 1.5045160e-01
78.3 4.6483475e-01 1.3385503e-01
78.8 6.3290254e-01 1.3990547e-01
79.0 6.1504678e-01 1.1605222e-01
79.2 5.2003382e-01 1.0942844e-01
79.5 4.8543914e-01 1.3833559e-01
79.7 4.5457518e-01 1.1123807e-01
79.9 3.9025207e-01 9.8377543e-02
80.2 3.0403532e-01 1.2095146e-01
80.4 4.3414088e-01 1.0693754e-01
95.7 1.7852026e-01 1.0295643e-01
95.9 2.6169503e-01 1.0545167e-01
96.1 1.3455204e-01 9.1473642e-02
96.4 2.1346666e-01 9.0137510e-02
96.6 1.3143309e-01 1.0831340e-01
96.8 8.8068134e-02 9.3560005e-02
97.1 1.1898599e-01 8.0936319e-02
97.3 1.2209347e-01 9.4512715e-02
97.5 1.0040112e-01 8.7197805e-02
97.8 1.5332616e-01 7.8353796e-02
98.0 1.3143309e-01 9.8159018e-02
98.2 2.1666120e-01 1.0063063e-01
98.5 9.1147121e-02 9.6990725e-02
98.7 6.3538060e-02 9.9506961e-02
98.9 8.1918660e-02 9.3387820e-02
99.2 6.0484490e-02 9.9415354e-02
99.4 4.5258755e-02 9.8958582e-02
99.9 2.1042953e-02 8.8408897e-02
100.1 4.5258755e-02 8.2465485e-02
100.3 0.0000000e+00 8.4587376e-02
100.6 5.4385781e-02 8.2693660e-02
101.0 1.5018993e-01 8.8492315e-02
101.3 1.2209347e-01 8.1010898e-02
101.5 1.6590001e-01 8.5481516e-02
101.7 2.2626248e-01 9.7429447e-02
102.0 2.0708641e-01 1.0727386e-01
102.2 2.1985868e-01 1.3892877e-01
103.0 3.6017388e-01 7.9497759e-02
103.4 4.0707022e-01 1.0981293e-01
103.6 5.6197024e-01 9.1567941e-02
103.8 6.1504678e-01 1.0057859e-01
104.1 6.5084072e-01 9.3700832e-02
119.7 6.3648357e-01 1.5170392e-01
120.0 5.3745102e-01 1.8195896e-01
120.2 4.8888428e-01 1.4968980e-01
120.4 6.4365553e-01 1.4418960e-01
120.7 6.4724647e-01 1.2872003e-01
120.9 7.1976417e-01 1.5097874e-01
121.1 6.7609335e-01 1.1395417e-01
121.6 7.1245214e-01 1.3087182e-01
121.8 6.5443827e-01 1.0160277e-01
122.1 7.2342524e-01 1.4316429e-01
122.5 6.3648357e-01 1.0891564e-01
123.0 5.5144265e-01 1.1794890e-01
123.7 5.3047452e-01 1.0594738e-01
123.9 5.7252697e-01 9.1821302e-02
124.2 6.9423089e-01 9.4742196e-02
124.4 5.9727307e-01 1.0396711e-01
124.6 6.0792747e-01 1.0811607e-01
124.9 6.3290254e-01 9.7156579e-02
125.1 7.2708968e-01 9.1550357e-02
126.8 5.4444039e-01 8.3551622e-02
127.0 5.5494861e-01 7.6166185e-02
127.3 5.6197024e-01 8.0121948e-02
167.5 5.5494861e-01 1.2567421e-01
167.8 7.1245214e-01 1.2690601e-01
172.2 8.6128281e-01 9.4636799e-02
172.4 5.8664806e-01 8.8320200e-02
172.6 5.5144265e-01 9.5120082e-02
172.9 6.1504678e-01 8.1236556e-02
173.1 6.2932481e-01 9.3184451e-02
173.3 7.9735921e-01 9.3166556e-02
173.6 7.3810328e-01 1.1176099e-01
173.8 6.5803915e-01 1.0560779e-01
174.0 6.8333834e-01 8.6607377e-02
174.3 6.3648357e-01 1.1280548e-01
175.4 5.6900482e-01 9.9381502e-02
175.6 6.0437273e-01 1.0415880e-01
175.9 7.0515357e-01 1.0292137e-01
176.1 4.9923879e-01 1.0132018e-01
176.3 4.2735450e-01 9.9379309e-02
191.2 2.5199598e-01 1.5774105e-01
191.4 4.2222013e-02 1.2523214e-01
191.6 2.9748839e-01 1.1362717e-01
191.9 4.2396600e-01 1.2502911e-01
192.1 4.9578411e-01 1.0872520e-01
192.3 5.4094410e-01 1.1003484e-01
192.6 4.7169023e-01 1.0430142e-01
192.8 3.7017225e-01 1.0145892e-01
193.0 3.4688562e-01 1.1880813e-01
193.2 3.2374864e-01 1.0373617e-01
193.5 3.6017388e-01 1.0479250e-01
193.7 2.5199598e-01 9.4644629e-02
193.9 2.9421944e-01 1.0642740e-01
194.2 3.4357120e-01 1.0790795e-01
194.4 2.8117372e-01 1.0603603e-01
194.6 2.4554482e-01 9.0971542e-02
194.9 3.1387837e-01 8.5613736e-02
195.1 2.6169503e-01 9.1391447e-02
195.3 3.6683639e-01 1.0136552e-01
195.6 3.3034399e-01 8.9592616e-02
195.8 2.2946881e-01 9.0553565e-02
196.0 1.8484785e-01 9.6269837e-02
196.3 1.8168260e-01 1.0648634e-01
196.5 2.3589033e-01 1.0118828e-01
196.7 2.5199598e-01 9.4644629e-02
197.0 2.6493401e-01 9.4993955e-02
197.2 2.5845904e-01 1.1589005e-01
197.4 2.1346666e-01 1.0053799e-01
197.7 3.4688562e-01 9.0006156e-02
198.1 3.5352363e-01 9.3778991e-02
198.4 2.9421944e-01 8.5141922e-02
198.6 3.0731332e-01 8.9016849e-02
198.8 3.1059433e-01 8.9098874e-02
199.1 2.5522602e-01 9.4731840e-02
199.3 2.5845904e-01 8.7795492e-02
199.5 2.1346666e-01 9.3604337e-02
199.8 2.6169503e-01 9.8421559e-02
200.0 2.9095351e-01 1.0278511e-01
200.2 1.7536084e-01 1.0629037e-01
215.9 5.7252697e-01 1.2242840e-01
216.1 4.6141174e-01 1.3001703e-01
216.3 4.7169023e-01 1.1547658e-01
216.6 5.0269665e-01 1.0141355e-01
216.8 4.7169023e-01 1.1175153e-01
217.0 5.4793991e-01 1.0263511e-01
217.3 5.2003382e-01 9.4334861e-02
217.5 5.0269665e-01 9.3901432e-02
217.7 4.1381920e-01 8.4345136e-02
218.0 5.2351085e-01 9.0644916e-02
218.2 5.7252697e-01 8.7995415e-02
218.4 5.7958101e-01 8.4324716e-02
218.9 5.3396116e-01 7.9533758e-02
219.1 5.0962194e-01 8.6548599e-02
219.4 6.1148549e-01 8.1161768e-02
219.6 8.4237774e-01 1.3925510e-01
219.8 7.1976417e-01 1.3111312e-01
220.1 7.8246326e-01 1.6546878e-01
220.3 8.0482779e-01 1.0551290e-01
220.5 8.1605648e-01 1.0987426e-01
220.8 8.7266771e-01 1.4028496e-01
221.0 7.6762209e-01 9.2482603e-02
221.2 7.4178125e-01 1.3183968e-01
221.5 7.8246326e-01 8.4752302e-02
221.7 7.8990437e-01 7.6822035e-02
221.9 8.0856724e-01 7.7176629e-02
222.2 8.6507428e-01 9.0605568e-02
222.4 8.2731624e-01 8.1613537e-02
222.6 8.1231013e-01 7.7247745e-02
222.9 9.2236742e-01 7.9338833e-02
223.1 9.0701177e-01 7.9047076e-02
223.6 8.9553211e-01 7.8828962e-02
239.7 2.1666120e-01 1.4227090e-01
239.9 1.5960730e-01 1.4675762e-01
241.4 4.2396600e-01 1.1031980e-01
241.6 5.2699108e-01 9.8289144e-02
241.8 5.2003382e-01 9.8108256e-02
242.1 2.8769057e-01 9.2067331e-02
242.3 4.8199716e-01 8.9648587e-02
242.8 3.4357120e-01 8.9923296e-02
243.0 4.1719835e-01 9.1763974e-02
243.2 4.4434391e-01 9.2442614e-02
243.5 3.2374864e-01 8.9427732e-02
243.9 2.7791979e-01 8.1219450e-02
244.2 2.6493401e-01 8.4439071e-02
244.4 2.8443065e-01 7.4293617e-02
244.6 2.4232369e-01 8.3896424e-02
244.8 2.1346666e-01 7.2803373e-02
245.1 2.1985868e-01 8.3357263e-02
245.3 2.4876892e-01 8.4051109e-02
245.5 1.5646528e-01 8.8655474e-02
245.8 1.6905071e-01 8.8982695e-02
246.0 1.4392613e-01 8.8329456e-02
246.2 2.2305911e-01 9.0386913e-02
246.5 1.9118710e-01 8.2669145e-02
246.7 2.0071790e-01 1.0707643e-01
246.9 1.3767386e-01 9.8340000e-02
247.2 1.5332616e-01 9.1980543e-02
247.4 9.7313610e-02 9.3818879e-02
247.6 6.9653644e-02 9.3044400e-02
247.9 1.1588138e-01 1.0444650e-01
248.1 1.0658467e-01 1.1759809e-01
