0.0 3.3102053e-01 8.9621036e-02
0.2 4.4089116e-01 1.0618888e-01
0.5 3.9663910e-01 7.1737728e-02
0.7 4.5424646e-01 9.1962328e-02
0.9 4.6763870e-01 7.2802722e-02
1.2 4.1871418e-01 8.1678034e-02
1.4 4.0987195e-01 8.1527716e-02
1.6 4.0104598e-01 8.6164597e-02
1.9 4.5424646e-01 5.3241348e-02
2.1 5.1254772e-01 5.3882662e-02
2.3 5.4877394e-01 6.4150450e-02
2.6 5.3969235e-01 7.8809095e-02
2.8 6.0821383e-01 7.9905439e-02
3.0 5.8069159e-01 7.4498515e-02
3.3 5.5332102e-01 7.9027154e-02
3.5 4.5424646e-01 8.2282083e-02
3.7 5.3515782e-01 8.8578610e-02
4.0 5.3969235e-01 1.1821364e-01
4.2 5.7611931e-01 1.1908789e-01
4.4 6.8235440e-01 1.1150107e-01
4.7 7.2925016e-01 1.0741765e-01
4.9 6.9637781e-01 1.0164508e-01
5.1 7.8609820e-01 1.0343949e-01
5.3 8.4357804e-01 9.4130174e-02
5.6 6.7768854e-01 1.0633486e-01
5.8 8.0518760e-01 1.1420340e-01
6.0 7.9086396e-01 1.0353480e-01
6.3 5.8069159e-01 1.2416419e-01
6.5 5.8069159e-01 1.1423106e-01
6.7 5.0803818e-01 1.2724177e-01
7.0 5.1706142e-01 1.1276756e-01
7.2 5.1254772e-01 9.3070052e-02
7.4 5.0353280e-01 9.7788178e-02
7.7 4.7211102e-01 1.1173370e-01
7.9 4.3644759e-01 8.1979502e-02
