0.0 3.6795054e-01 1.3985864e-01
0.5 3.7750116e-01 1.3492701e-01
0.7 4.1106719e-01 1.1490746e-01
0.9 4.2551901e-01 1.0998788e-01
1.2 4.6911485e-01 1.1090339e-01
1.4 4.4969430e-01 9.9972176e-02
1.6 4.3034517e-01 7.8635165e-02
1.9 4.0145480e-01 8.8628717e-02
2.1 4.4485033e-01 6.8339043e-02
2.3 4.9349136e-01 8.4887848e-02
2.6 5.7721625e-01 7.5449016e-02
2.8 4.9838015e-01 6.9034931e-02
3.0 4.5939563e-01 6.8528132e-02
3.3 5.0327344e-01 9.0359634e-02
3.5 5.7721625e-01 1.0239509e-01
3.7 5.9710747e-01 8.6545706e-02
4.0 4.9838015e-01 9.0276448e-02
4.2 5.6729809e-01 9.6827350e-02
4.4 6.0209174e-01 9.7453636e-02
4.7 5.6729809e-01 9.1448053e-02
4.9 6.0708060e-01 8.6705276e-02
5.1 7.9493612e-01 8.4104029e-02
5.3 9.2025638e-01 8.5983833e-02
5.6 8.4160689e-01 1.1872573e-01
5.8 8.2081655e-01 9.5757867e-02
6.0 9.3082532e-01 9.1885192e-02
6.3 8.8341805e-01 1.0251751e-01
6.5 7.1800608e-01 1.1613011e-01
6.7 4.6911485e-01 1.0562228e-01
7.0 4.6911485e-01 8.9778938e-02
7.2 5.5739817e-01 1.1275734e-01
7.4 4.5939563e-01 7.9070922e-02
7.7 5.1307356e-01 1.0117638e-01
7.9 3.0158659e-01 7.6703786e-02
8.1 4.4969430e-01 9.9972176e-02
23.3 7.4353142e-01 2.1666569e-01
23.5 7.8977432e-01 2.8569045e-01
23.8 7.4865061e-01 2.5022924e-01
24.0 5.9212779e-01 2.2697333e-01
24.2 4.9838015e-01 2.1241517e-01
24.5 5.5739817e-01 1.6645132e-01
24.7 5.5739817e-01 2.1477589e-01
24.9 4.3034517e-01 1.6775502e-01
25.2 5.8715270e-01 9.7184733e-02
25.4 3.8706938e-01 9.8782302e-02
25.6 4.0145480e-01 9.3842171e-02
25.9 2.6872413e-01 8.6372296e-02
26.1 2.3607287e-01 8.5817224e-02
26.3 2.8278210e-01 8.1516500e-02
26.6 2.6872413e-01 9.1453019e-02
26.8 4.7885198e-01 8.9944469e-02
27.0 4.9838015e-01 8.4966069e-02
27.3 3.1573549e-01 6.6660550e-02
27.5 3.4890201e-01 9.2896221e-02
27.7 3.4415084e-01 8.2498400e-02
28.0 3.9186011e-01 8.3261748e-02
28.2 3.7750116e-01 6.7463504e-02
28.4 4.1106719e-01 9.9238261e-02
28.7 3.5841751e-01 7.7556250e-02
28.9 3.9186011e-01 9.8873326e-02
29.1 3.4415084e-01 8.7654550e-02
29.4 3.3940403e-01 7.2119645e-02
29.6 2.6404677e-01 9.1368827e-02
29.8 1.8979186e-01 9.0032238e-02
30.1 1.6222718e-01 8.4561848e-02
30.3 2.3142556e-01 1.2104219e-01
31.0 3.0629854e-01 8.7011061e-02
31.2 3.3940403e-01 1.0302806e-01
31.4 3.6318183e-01 1.0867880e-01
31.7 2.7809180e-01 1.1198200e-01
31.9 3.5365757e-01 1.0847879e-01
71.5 8.3120215e-01 1.8058244e-01
71.7 7.5890315e-01 2.3397790e-01
72.1 8.1045007e-01 1.6867348e-01
72.3 5.8218219e-01 1.9419053e-01
72.5 6.7740924e-01 1.3723521e-01
72.8 7.9493612e-01 1.6260112e-01
73.1 6.1207405e-01 1.5187405e-01
73.3 6.3209393e-01 1.7421098e-01
73.5 5.5739817e-01 1.3423493e-01
73.8 6.5218770e-01 1.3660467e-01
74.0 6.4715732e-01 1.4739722e-01
74.2 5.3765298e-01 1.2304200e-01
74.9 7.4865061e-01 1.0009170e-01
75.1 8.2600696e-01 1.1276012e-01
75.3 7.1800608e-01 1.2166012e-01
75.6 8.3640212e-01 1.0731962e-01
75.8 8.6247396e-01 1.0781499e-01
76.3 7.6403650e-01 1.1709675e-01
76.5 6.9767027e-01 1.1570306e-01
76.7 6.4213156e-01 1.7453218e-01
77.0 7.1800608e-01 1.9355018e-01
77.2 6.3711044e-01 1.1988041e-01
77.6 5.6729809e-01 1.0758594e-01
78.1 5.5245505e-01 1.4484026e-01
78.5 6.2207477e-01 1.0324740e-01
78.8 6.2708205e-01 1.0878162e-01
79.0 5.3765298e-01 1.0164339e-01
79.2 4.7885198e-01 8.9944469e-02
79.5 3.9186011e-01 1.1448490e-01
79.7 3.8228307e-01 7.7914233e-02
79.9 3.7750116e-01 9.3411006e-02
80.2 3.7272365e-01 8.2955565e-02
95.4 1.8518717e-01 6.4963422e-02
95.7 1.3026032e-01 7.9076152e-02
95.9 2.5470495e-01 6.5867153e-02
96.1 5.3479173e-02 7.2982175e-02
96.4 3.5587067e-02 7.7561380e-02
96.6 1.4393517e-01 8.4250884e-02
96.8 8.4949410e-02 7.3454229e-02
97.1 9.3978236e-02 6.8683684e-02
97.3 1.0755270e-01 7.3793278e-02
97.8 1.4850186e-01 9.9210020e-02
98.0 1.8518717e-01 7.9954981e-02
98.2 1.2116472e-01 9.8663278e-02
98.5 8.9461744e-02 1.3724091e-01
98.7 1.0302371e-01 1.1304553e-01
98.9 0.0000000e+00 1.1067598e-01
99.6 1.7760756e-02 8.6935678e-02
99.9 4.8999965e-02 1.0694198e-01
100.1 1.7760756e-02 1.4489280e-01
100.3 4.4524880e-02 1.1170005e-01
100.6 1.2116472e-01 1.1839593e-01
100.8 1.0755270e-01 9.8391037e-02
101.0 1.4850186e-01 1.1905202e-01
101.3 1.6681072e-01 1.2447025e-01
101.5 2.7340581e-01 1.3222053e-01
101.7 2.3607287e-01 1.0600951e-01
102.0 2.9217569e-01 1.1739602e-01
102.2 4.5454273e-01 1.3693009e-01
102.8 5.7225488e-01 1.0230083e-01
103.1 4.7398117e-01 1.0043363e-01
103.4 7.2310175e-01 9.9631816e-02
103.6 8.7817479e-01 1.0811330e-01
103.8 8.3640212e-01 1.2426483e-01
104.1 8.9391906e-01 1.3123612e-01
119.5 7.5890315e-01 1.7826887e-01
119.7 8.4160689e-01 1.2437933e-01
120.0 7.0274720e-01 1.7647188e-01
120.2 7.7431741e-01 1.3965791e-01
120.4 8.0527399e-01 1.1796274e-01
120.7 7.4865061e-01 1.2233430e-01
120.9 7.8461727e-01 8.9545863e-02
121.1 8.6770275e-01 9.6554932e-02
121.4 8.0010267e-01 1.1224204e-01
121.6 8.3120215e-01 1.1286403e-01
121.8 7.5890315e-01 1.2255985e-01
122.1 7.8461727e-01 9.5142479e-02
122.3 7.4865061e-01 1.1121300e-01
122.5 7.0782881e-01 1.4351553e-01
122.8 7.0274720e-01 7.7206449e-02
123.5 5.8218219e-01 8.6306902e-02
123.7 6.5218770e-01 8.7426990e-02
123.9 6.2207477e-01 8.1511109e-02
124.2 6.3209393e-01 1.1432595e-01
124.4 7.6917459e-01 1.0046113e-01
124.6 7.2820211e-01 1.2188443e-01
125.1 6.4213156e-01 1.1453675e-01
126.2 4.7885198e-01 1.2698043e-01
126.6 5.6234585e-01 9.1363865e-02
126.8 6.6226238e-01 9.3062446e-02
127.0 7.1291510e-01 1.0497337e-01
127.3 7.5377452e-01 1.7253898e-01
167.2 5.0327344e-01 1.5945818e-01
167.6 7.2310175e-01 1.6605303e-01
171.9 7.3841695e-01 1.1100832e-01
172.2 6.3209393e-01 1.0343777e-01
172.4 5.6729809e-01 7.5310161e-02
172.6 6.2207477e-01 9.2379257e-02
172.9 6.0209174e-01 9.2039545e-02
173.1 6.4213156e-01 9.8174353e-02
173.3 6.5218770e-01 8.7426990e-02
173.6 6.0209174e-01 7.5797273e-02
173.8 7.5890315e-01 1.1698895e-01
174.0 7.0782881e-01 1.3799570e-01
174.3 5.8218219e-01 2.7510325e-01
175.4 5.7225488e-01 9.6916573e-02
175.6 5.2289175e-01 1.0136293e-01
175.9 5.3272803e-01 1.2827345e-01
176.1 4.8860707e-01 1.2721455e-01
191.4 6.1207405e-01 1.4644998e-01
191.6 5.6234585e-01 1.4510732e-01
191.9 7.5377452e-01 9.4618153e-02
192.1 6.6730669e-01 1.3150334e-01
192.3 5.6729809e-01 1.1296524e-01
192.6 4.6425300e-01 1.2135380e-01
192.8 3.8706938e-01 9.8782302e-02
193.0 4.8372728e-01 1.3239316e-01
193.2 3.4890201e-01 1.3418343e-01
193.5 2.9687897e-01 1.1750420e-01
193.7 3.4890201e-01 1.4966613e-01
193.9 3.0629854e-01 1.4331234e-01
194.2 3.6318183e-01 1.2937952e-01
194.4 2.2214378e-01 1.4095600e-01
194.6 2.8278210e-01 1.3755909e-01
194.9 4.3517577e-01 1.2068502e-01
195.1 4.1106719e-01 1.3057666e-01
195.3 3.4890201e-01 9.2896221e-02
195.6 2.1750930e-01 1.3076722e-01
195.8 1.9901399e-01 1.2527533e-01
196.0 1.1662320e-01 1.0842969e-01
196.3 2.0363143e-01 1.3542203e-01
196.5 1.8058671e-01 1.2481465e-01
196.7 3.3466160e-01 1.2866652e-01
197.2 3.2046048e-01 1.2831149e-01
197.4 3.6795054e-01 1.2949874e-01
197.7 3.9186011e-01 1.1968876e-01
197.9 3.0629854e-01 1.2283914e-01
198.1 3.8706938e-01 1.1957858e-01
198.4 4.3034517e-01 1.4678564e-01
198.6 4.2069730e-01 1.4128280e-01
198.8 3.6795054e-01 1.2949874e-01
199.1 3.5365757e-01 1.4980405e-01
199.3 3.8706938e-01 1.5597206e-01
199.5 3.4415084e-01 1.3405990e-01
199.8 3.7750116e-01 1.5049551e-01
200.0 2.8278210e-01 1.3755909e-01
215.7 5.2289175e-01 1.3870716e-01
215.9 6.0209174e-01 1.0828182e-01
216.1 6.2708205e-01 1.1965979e-01
216.3 4.5454273e-01 1.2113046e-01
216.6 5.8715270e-01 8.6386430e-02
216.8 5.6729809e-01 8.6068756e-02
217.0 6.5722272e-01 9.8445994e-02
217.3 5.0817124e-01 7.9802556e-02
217.5 5.5245505e-01 1.0192463e-01
217.7 5.1798039e-01 7.4619714e-02
218.2 5.6729809e-01 7.5310161e-02
218.4 5.8218219e-01 8.0912720e-02
218.7 5.2289175e-01 7.4688473e-02
218.9 5.7721625e-01 8.6227447e-02
219.1 6.0708060e-01 7.0448037e-02
219.4 6.9259801e-01 9.3578152e-02
219.6 8.4160689e-01 7.3496879e-02
219.8 7.2310175e-01 1.0516692e-01
220.3 6.3711044e-01 1.4167685e-01
220.8 7.3841695e-01 8.3256242e-02
221.0 7.7431741e-01 1.0614001e-01
221.2 7.8977432e-01 8.4026602e-02
221.5 8.7817479e-01 6.2591913e-02
221.7 8.5724998e-01 1.0204648e-01
221.9 8.5724998e-01 1.8708522e-01
222.2 9.6264919e-01 7.5070429e-02
222.4 9.3082532e-01 9.7628016e-02
222.6 9.2025638e-01 8.0251578e-02
222.9 1.0000000e+00 9.8803986e-02
223.1 9.5733299e-01 1.6154130e-01
223.3 9.7862720e-01 1.2739378e-01
223.6 9.9464942e-01 1.1613297e-01
239.2 4.0145480e-01 2.0332470e-01
239.4 4.8372728e-01 1.8535043e-01
239.7 5.2289175e-01 1.9205607e-01
241.1 4.4485033e-01 5.7825344e-02
241.4 5.4751648e-01 9.1111766e-02
241.6 5.9212779e-01 9.7274285e-02
241.8 4.7885198e-01 8.9944469e-02
242.1 4.8372728e-01 9.0027350e-02
242.3 5.0817124e-01 1.0108324e-01
242.5 4.5454273e-01 8.9531212e-02
242.8 5.7225488e-01 9.1532319e-02
243.0 4.8372728e-01 1.0061880e-01
243.2 4.6911485e-01 1.0562228e-01
243.5 3.5365757e-01 9.2981821e-02
243.7 3.3940403e-01 8.2422451e-02
243.9 3.3940403e-01 9.2725257e-02
244.2 3.1573549e-01 9.2299224e-02
244.4 3.0629854e-01 8.7011061e-02
244.6 3.8228307e-01 1.0388564e-01
244.8 3.0158659e-01 7.6703786e-02
245.1 2.4538033e-01 8.0918072e-02
245.3 2.3607287e-01 7.0673008e-02
245.5 1.6681072e-01 6.4724528e-02
245.8 1.3026032e-01 8.8960671e-02
246.0 2.7340581e-01 1.1187891e-01
246.2 2.7809180e-01 1.1198200e-01
246.5 2.7340581e-01 9.6622694e-02
246.7 2.5004049e-01 1.0124079e-01
246.9 2.1287908e-01 1.0552244e-01
247.2 1.4850186e-01 1.1409152e-01
247.4 2.3142556e-01 1.1599877e-01
247.6 2.1287908e-01 1.1557220e-01
247.9 2.5004049e-01 1.2148895e-01
