0.0 3.3102053e-01 8.9621036e-02
0.2 4.4089116e-01 1.0618888e-01
0.5 3.9663910e-01 7.1737728e-02
0.7 4.5424646e-01 9.1962328e-02
0.9 4.6763870e-01 7.2802722e-02
1.2 4.1871418e-01 8.1678034e-02
1.4 4.0987195e-01 8.1527716e-02
1.6 4.0104598e-01 8.6164597e-02
1.9 4.5424646e-01 5.3241348e-02
2.1 5.1254772e-01 5.3882662e-02
2.3 5.4877394e-01 6.4150450e-02
2.6 5.3969235e-01 7.8809095e-02
2.8 6.0821383e-01 7.9905439e-02
3.0 5.8069159e-01 7.4498515e-02
3.3 5.5332102e-01 7.9027154e-02
3.5 4.5424646e-01 8.2282083e-02
3.7 5.3515782e-01 8.8578610e-02
4.0 5.3969235e-01 1.1821364e-01
4.2 5.7611931e-01 1.1908789e-01
4.4 6.8235440e-01 1.1150107e-01
4.7 7.2925016e-01 1.0741765e-01
4.9 6.9637781e-01 1.0164508e-01
5.1 7.8609820e-01 1.0343949e-01
5.3 8.4357804e-01 9.4130174e-02
5.6 6.7768854e-01 1.0633486e-01
5.8 8.0518760e-01 1.1420340e-01
6.0 7.9086396e-01 1.0353480e-01
6.3 5.8069159e-01 1.2416419e-01
6.5 5.8069159e-01 1.1423106e-01
6.7 5.0803818e-01 1.2724177e-01
7.0 5.1706142e-01 1.1276756e-01
7.2 5.1254772e-01 9.3070052e-02
7.4 5.0353280e-01 9.7788178e-02
7.7 4.7211102e-01 1.1173370e-01
7.9 4.3644759e-01 8.1979502e-02
23.5 5.8984877e-01 1.3932030e-01
23.8 5.5787228e-01 1.4831245e-01
24.0 4.8106801e-01 1.0707277e-01
24.2 4.9453446e-01 1.0736903e-01
24.5 5.3515782e-01 1.0334171e-01
24.7 5.3062747e-01 1.1799609e-01
24.9 6.1742176e-01 1.0506925e-01
25.2 5.3515782e-01 8.8578610e-02
25.4 4.9004151e-01 7.3138764e-02
25.6 4.0104598e-01 7.1803831e-02
25.9 3.4407182e-01 6.6219271e-02
26.1 3.0502589e-01 6.5672628e-02
26.3 3.0502589e-01 7.5054431e-02
26.6 4.8106801e-01 6.3270273e-02
26.8 4.8555269e-01 6.8200003e-02
27.3 5.0353280e-01 5.8672907e-02
27.5 4.0104598e-01 5.2656143e-02
27.7 4.7211102e-01 7.2869806e-02
28.0 4.4979059e-01 5.3192333e-02
28.2 4.4979059e-01 8.7042000e-02
28.4 4.6317051e-01 7.2735699e-02
28.7 3.8344276e-01 8.1078420e-02
28.9 4.0104598e-01 6.7016909e-02
29.1 4.4979059e-01 7.2535000e-02
29.4 3.1367481e-01 8.9291467e-02
29.6 1.9824792e-01 8.7098356e-02
29.8 2.3214974e-01 7.8506439e-02
30.1 2.2365085e-01 7.8361958e-02
31.0 4.2757272e-01 8.6642078e-02
31.2 4.6317051e-01 8.7282839e-02
31.4 3.7905208e-01 8.1003779e-02
31.7 3.7905208e-01 9.5298563e-02
31.9 3.7466543e-01 8.0929206e-02
71.7 7.1513606e-01 1.5813138e-01
72.1 6.7302697e-01 1.4670819e-01
72.3 6.4514755e-01 1.1068252e-01
72.5 7.3868126e-01 1.2298938e-01
72.8 6.9169903e-01 9.6473927e-02
73.1 6.4051594e-01 1.3068619e-01
73.3 6.1742176e-01 8.5056063e-02
73.5 6.8235440e-01 1.0136461e-01
73.8 6.4514755e-01 8.5527402e-02
74.0 5.2610128e-01 8.8415593e-02
74.2 5.9443370e-01 8.9645576e-02
74.9 7.7182724e-01 6.1892440e-02
75.1 8.1955088e-01 8.3286831e-02
75.3 8.4839676e-01 8.3748365e-02
75.6 8.4357804e-01 9.9359628e-02
75.8 8.3395389e-01 8.3517280e-02
76.0 7.6707900e-01 8.7600236e-02
76.3 6.9637781e-01 6.6069301e-02
76.5 6.2664667e-01 6.5162796e-02
76.7 7.3868126e-01 1.5886128e-01
77.0 7.7657984e-01 1.0841157e-01
77.6 6.0821383e-01 8.9893618e-02
77.8 4.8555269e-01 9.2557147e-02
78.1 5.1706142e-01 1.1767050e-01
78.3 5.1254772e-01 9.7968476e-02
78.5 5.1706142e-01 8.8252875e-02
78.8 6.1281568e-01 6.4982993e-02
79.0 5.4877394e-01 7.8954400e-02
79.2 3.6590426e-01 9.0283827e-02
79.5 3.4843027e-01 9.9420433e-02
79.7 2.4492746e-01 7.4092857e-02
79.9 2.4066430e-01 9.7157348e-02
80.2 1.7718578e-01 1.3689186e-01
95.4 1.6040577e-01 7.2740510e-02
95.7 2.2789834e-01 7.3820391e-02
95.9 0.0000000e+00 5.7016389e-02
96.1 1.2703064e-01 6.3180694e-02
96.4 1.1872521e-01 7.2073621e-02
96.6 1.0216018e-01 6.7320544e-02
97.1 1.5203892e-01 4.5379150e-02
97.3 1.6878805e-01 5.4655970e-02
97.5 1.8559900e-01 5.0286226e-02
98.0 1.8981143e-01 6.8635313e-02
98.2 1.5622042e-01 7.7215640e-02
98.5 1.1457823e-01 9.0009086e-02
98.7 8.1539524e-02 9.3815728e-02
98.9 1.0629572e-01 1.0331995e-01
99.2 6.1013614e-02 8.0044014e-02
99.9 1.6187966e-02 6.6030961e-02
100.1 8.1539524e-02 8.0413481e-02
100.3 1.2287601e-01 6.7631281e-02
100.6 2.0669997e-01 8.7258945e-02
100.8 1.9402773e-01 7.7858365e-02
101.0 2.7487981e-01 8.3893606e-02
101.3 3.0502589e-01 7.9745333e-02
101.7 2.9639288e-01 8.8963110e-02
102.0 3.4407182e-01 1.1824870e-01
102.8 6.4514755e-01 8.5527402e-02
103.1 7.1513606e-01 8.6717206e-02
103.4 9.1632699e-01 6.8928640e-02
103.6 9.4570916e-01 1.0130012e-01
103.8 1.0000000e+00 1.0233165e-01
119.5 8.6287959e-01 1.1022387e-01
119.7 7.7182724e-01 1.1862718e-01
120.0 7.0574829e-01 1.2219898e-01
120.2 6.7302697e-01 1.1129587e-01
120.4 7.5286051e-01 1.1819094e-01
120.7 7.7657984e-01 8.7761751e-02
120.9 7.3868126e-01 1.0761570e-01
121.1 7.1513606e-01 1.2752530e-01
121.4 7.2454113e-01 1.0220834e-01
121.6 6.7302697e-01 9.1060255e-02
121.8 6.9637781e-01 1.0672733e-01
122.3 6.0361622e-01 9.4800354e-02
122.5 7.1983643e-01 1.0211425e-01
122.8 5.4877394e-01 7.8954400e-02
123.5 5.2157927e-01 8.8334196e-02
123.7 6.0821383e-01 8.4899528e-02
123.9 5.8069159e-01 1.0429792e-01
124.4 6.9169903e-01 6.6008476e-02
124.6 6.0821383e-01 8.4899528e-02
125.4 7.5759565e-01 1.4401721e-01
126.2 4.8555269e-01 1.3152858e-01
126.6 5.9443370e-01 9.4625886e-02
126.8 6.8235440e-01 9.6296379e-02
127.0 6.2203209e-01 7.0110714e-02
167.2 6.1742176e-01 1.6510883e-01
171.9 7.0106089e-01 1.1191261e-01
172.2 5.7155125e-01 1.0410597e-01
172.4 6.4051594e-01 7.5395880e-02
172.6 6.4514755e-01 9.5589449e-02
172.9 6.1742176e-01 8.5056063e-02
173.1 7.0574829e-01 1.0692411e-01
173.3 5.7155125e-01 1.1402083e-01
173.6 7.0106089e-01 7.1217118e-02
173.8 6.7302697e-01 9.6119158e-02
174.0 6.4978342e-01 1.7624808e-01
175.2 4.5424646e-01 8.2282083e-02
175.4 5.8984877e-01 9.9514497e-02
175.6 5.8069159e-01 1.1423106e-01
175.9 4.4979059e-01 1.1122033e-01
176.1 3.3102053e-01 2.4527862e-01
191.2 3.9223626e-01 1.2423092e-01
191.4 4.6317051e-01 1.2607521e-01
191.6 5.9902284e-01 7.4773484e-02
191.9 6.1742176e-01 9.5062659e-02
192.1 5.1254772e-01 8.3273205e-02
192.3 3.8344276e-01 1.0492501e-01
192.6 4.3644759e-01 1.0126880e-01
192.8 3.1367481e-01 8.4591916e-02
193.0 3.2233968e-01 1.1299718e-01
193.2 2.4066430e-01 8.3277727e-02
193.5 2.8347315e-01 8.4048286e-02
193.7 2.4492746e-01 8.7985267e-02
193.9 2.4492746e-01 9.7246874e-02
194.2 2.2789834e-01 8.7661714e-02
194.4 1.8559900e-01 9.6000977e-02
194.6 2.9639288e-01 1.0769219e-01
194.9 3.3971738e-01 8.5060682e-02
195.1 3.0502589e-01 9.8508941e-02
195.3 2.3640506e-01 7.8578779e-02
195.6 2.2365085e-01 1.1523817e-01
195.8 1.2287601e-01 8.5666290e-02
196.0 1.3951750e-01 1.0860945e-01
196.3 1.8139046e-01 9.5912597e-02
196.5 3.2667811e-01 1.2252641e-01
196.7 3.5715922e-01 7.5888565e-02
197.0 4.0545693e-01 1.3415732e-01
197.4 4.2757272e-01 1.2033622e-01
197.7 4.2757272e-01 1.0108242e-01
197.9 4.4979059e-01 8.2206333e-02
198.1 4.1871418e-01 1.0089640e-01
198.4 4.3644759e-01 9.6446473e-02
198.6 4.0104598e-01 8.6164597e-02
199.1 2.9639288e-01 8.4280841e-02
199.3 3.3102053e-01 9.4337932e-02
199.5 3.7028283e-01 1.0939165e-01
199.8 2.1940728e-01 8.7500384e-02
215.7 5.9902284e-01 7.9758383e-02
215.9 5.9443370e-01 6.9724337e-02
216.1 5.6698739e-01 7.9245816e-02
216.3 5.8984877e-01 7.9611598e-02
216.6 6.4051594e-01 7.5395880e-02
216.8 5.8069159e-01 7.4498515e-02
217.0 5.6698739e-01 7.9245816e-02
217.3 5.5332102e-01 5.9270365e-02
217.5 4.7211102e-01 7.7727794e-02
217.7 4.3200811e-01 6.7450379e-02
218.0 4.9453446e-01 7.8086569e-02
218.2 5.5787228e-01 5.9324980e-02
218.4 5.1706142e-01 5.8835250e-02
218.7 5.7155125e-01 5.9489128e-02
218.9 6.0821383e-01 5.9929079e-02
219.1 5.8069159e-01 7.9465083e-02
219.4 7.6707900e-01 6.1835461e-02
219.6 6.5442357e-01 8.0644794e-02
219.8 6.2203209e-01 1.6025306e-01
220.1 8.2914846e-01 8.8655417e-02
220.3 7.5759565e-01 8.7439019e-02
220.5 7.7182724e-01 9.2838660e-02
220.8 8.1475871e-01 1.1961460e-01
221.0 7.9086396e-01 7.2474361e-02
221.2 8.7255707e-01 8.9393363e-02
221.5 7.7657984e-01 8.2599295e-02
221.7 9.4570916e-01 1.3862122e-01
221.9 9.7031864e-01 8.0342921e-02
222.2 9.9008798e-01 8.6015425e-02
222.4 9.5553935e-01 6.9438401e-02
222.6 9.4080085e-01 1.2251357e-01
222.9 9.5553935e-01 8.0121231e-02
223.1 9.2610301e-01 8.4991665e-02
239.2 3.4843027e-01 1.1362335e-01
239.4 4.8106801e-01 1.2167360e-01
239.7 5.4423105e-01 1.1832257e-01
241.1 4.4979059e-01 6.7699333e-02
241.4 5.4877394e-01 6.9085100e-02
241.6 5.2610128e-01 8.8415593e-02
241.8 4.1871418e-01 8.1678034e-02
242.1 5.8526807e-01 6.9596018e-02
242.3 5.0803818e-01 6.3620885e-02
242.5 5.1706142e-01 7.3544062e-02
242.8 4.1429103e-01 7.2002507e-02
243.0 4.4979059e-01 7.2535000e-02
243.2 3.7028283e-01 8.0854701e-02
243.5 3.1800525e-01 8.4669864e-02
243.9 3.0502589e-01 7.9745333e-02
244.2 3.3102053e-01 6.6036552e-02
244.4 2.7917450e-01 6.5310708e-02
244.6 3.2233968e-01 8.0039668e-02
245.1 2.6630228e-01 6.9782675e-02
245.3 1.3118909e-01 7.6790108e-02
245.5 8.5656061e-02 8.4959111e-02
245.8 2.0669997e-01 8.7258945e-02
246.0 2.5346558e-01 9.7426175e-02
246.2 1.9824792e-01 1.1460310e-01
246.5 1.3535138e-01 9.0424549e-02
246.7 1.7718578e-01 1.0951348e-01
246.9 1.3118909e-01 9.9375434e-02
247.2 1.0629572e-01 8.9843436e-02
247.4 1.7718578e-01 1.0495042e-01
247.6 2.9208234e-01 1.0759304e-01
247.9 1.8139046e-01 9.5912597e-02
