0.0 3.6795054e-01 1.3985864e-01
0.5 3.7750116e-01 1.3492701e-01
0.7 4.1106719e-01 1.1490746e-01
0.9 4.2551901e-01 1.0998788e-01
1.2 4.6911485e-01 1.1090339e-01
1.4 4.4969430e-01 9.9972176e-02
1.6 4.3034517e-01 7.8635165e-02
1.9 4.0145480e-01 8.8628717e-02
2.1 4.4485033e-01 6.8339043e-02
2.3 4.9349136e-01 8.4887848e-02
2.6 5.7721625e-01 7.5449016e-02
2.8 4.9838015e-01 6.9034931e-02
3.0 4.5939563e-01 6.8528132e-02
3.3 5.0327344e-01 9.0359634e-02
3.5 5.7721625e-01 1.0239509e-01
3.7 5.9710747e-01 8.6545706e-02
4.0 4.9838015e-01 9.0276448e-02
4.2 5.6729809e-01 9.6827350e-02
4.4 6.0209174e-01 9.7453636e-02
4.7 5.6729809e-01 9.1448053e-02
4.9 6.0708060e-01 8.6705276e-02
5.1 7.9493612e-01 8.4104029e-02
5.3 9.2025638e-01 8.5983833e-02
5.6 8.4160689e-01 1.1872573e-01
5.8 8.2081655e-01 9.5757867e-02
6.0 9.3082532e-01 9.1885192e-02
6.3 8.8341805e-01 1.0251751e-01
6.5 7.1800608e-01 1.1613011e-01
6.7 4.6911485e-01 1.0562228e-01
7.0 4.6911485e-01 8.9778938e-02
7.2 5.5739817e-01 1.1275734e-01
7.4 4.5939563e-01 7.9070922e-02
7.7 5.1307356e-01 1.0117638e-01
7.9 3.0158659e-01 7.6703786e-02
8.1 4.4969430e-01 9.9972176e-02
